number,record_time,soc,pack_voltage,charge_current,max_cell_voltage,min_cell_voltage,max_temperature,min_temperature,available_energy,available_capacity,charging_duration_seconds
401948,2020-07-30 19:21:51,19.2,324.6,-47.60001,3.626,3.597,40,38,8.17,24.55,0.0
401949,2020-07-30 19:22:01,19.2,324.9,-46.89999,3.628,3.6,40,38,8.2,24.68,10.0
401950,2020-07-30 19:22:11,19.6,324.9,-46.70001,3.63,3.602,40,38,8.25,24.82,20.0
401951,2020-07-30 19:22:21,19.6,325.0,-46.70001,3.632,3.604,40,38,8.3,24.94,30.0
401952,2020-07-30 19:22:31,19.6,325.2,-46.70001,3.634,3.605,40,38,8.33,25.07,40.0
401953,2020-07-30 19:22:41,19.6,325.3,-46.70001,3.634,3.607,40,38,8.38,25.19,50.0
401954,2020-07-30 19:22:51,20.0,325.5,-46.70001,3.636,3.608,40,38,8.429999,25.33,60.0
401955,2020-07-30 19:23:01,20.0,325.5,-46.5,3.636,3.608,40,38,8.46,25.44,70.0
401956,2020-07-30 19:23:11,20.0,325.7,-46.5,3.638,3.609,40,38,8.51,25.57,80.0
401957,2020-07-30 19:23:21,20.0,325.7,-46.5,3.639,3.611,40,38,8.54,25.69,90.0
401958,2020-07-30 19:23:31,20.4,325.8,-46.5,3.639,3.611,40,38,8.59,25.83,100.0
401959,2020-07-30 19:23:41,20.4,325.8,-46.5,3.64,3.612,40,38,8.63,25.96,110.0
401960,2020-07-30 19:23:51,20.4,326.0,-46.5,3.641,3.613,40,38,8.679999,26.09,120.0
401961,2020-07-30 19:24:01,20.4,326.0,-46.5,3.642,3.614,40,38,8.72,26.22,130.0
401962,2020-07-30 19:24:11,20.8,326.0,-46.5,3.643,3.614,40,38,8.76,26.34,140.0
401963,2020-07-30 19:24:21,20.8,326.3,-46.5,3.644,3.616,40,38,8.8,26.47,150.0
401964,2020-07-30 19:24:31,20.8,326.3,-46.60001,3.645,3.617,40,38,8.84,26.58,160.0
401965,2020-07-30 19:24:41,20.8,326.3,-46.5,3.644,3.617,40,38,8.88,26.7,170.0
401966,2020-07-30 19:24:51,21.2,326.4,-46.5,3.646,3.617,40,38,8.929999,26.84,180.0
401967,2020-07-30 19:25:01,21.2,326.4,-46.5,3.646,3.619,40,38,8.97,26.97,190.0
401968,2020-07-30 19:25:11,21.2,326.6,-46.5,3.648,3.62,40,38,9.02,27.11,200.0
401969,2020-07-30 19:25:21,21.2,326.6,-46.5,3.648,3.621,40,38,9.059999,27.24,210.0
401970,2020-07-30 19:25:31,21.6,326.7,-46.5,3.649,3.621,40,38,9.09,27.36,220.0
401971,2020-07-30 19:25:41,21.6,326.7,-46.5,3.65,3.622,40,38,9.139999,27.48,230.0
401972,2020-07-30 19:25:51,21.6,326.7,-46.60001,3.649,3.624,40,38,9.179999,27.61,240.0
401973,2020-07-30 19:26:01,21.6,326.9,-46.5,3.651,3.623,40,38,9.22,27.73,250.0
401974,2020-07-30 19:26:11,22.0,326.9,-46.5,3.652,3.624,40,38,9.27,27.85,260.0
401975,2020-07-30 19:26:21,22.0,327.1,-46.5,3.652,3.625,40,38,9.3,27.98,270.0
401976,2020-07-30 19:26:31,22.0,327.1,-46.5,3.652,3.626,40,38,9.34,28.09,280.0
401977,2020-07-30 19:26:41,22.0,327.1,-46.5,3.653,3.627,40,38,9.4,28.25,290.0
401978,2020-07-30 19:26:51,22.4,327.2,-46.30002,3.654,3.627,40,38,9.429999,28.37,300.0
401979,2020-07-30 19:27:01,22.4,327.2,-46.30002,3.654,3.628,40,38,9.48,28.49,310.0
401980,2020-07-30 19:27:11,22.4,327.4,-46.30002,3.654,3.629,40,38,9.52,28.62,320.0
401981,2020-07-30 19:27:21,22.4,327.4,-46.30002,3.654,3.629,40,38,9.559999,28.75,330.0
401982,2020-07-30 19:27:31,22.8,327.4,-46.39999,3.655,3.63,40,38,9.599999,28.87,340.0
401983,2020-07-30 19:27:41,22.8,327.4,-46.39999,3.656,3.631,40,38,9.63,28.98,350.0
401984,2020-07-30 19:27:51,22.8,327.4,-46.30002,3.656,3.632,40,38,9.679999,29.1,360.0
401985,2020-07-30 19:28:01,22.8,327.5,-46.39999,3.656,3.633,40,38,9.73,29.24,370.0
401986,2020-07-30 19:28:11,23.2,327.5,-46.30002,3.657,3.633,40,38,9.77,29.38,380.0
401987,2020-07-30 19:28:21,23.2,327.5,-46.30002,3.657,3.634,40,38,9.809999,29.51,390.0
401988,2020-07-30 19:28:31,23.2,327.5,-46.30002,3.658,3.635,40,38,9.86,29.63,400.0
401989,2020-07-30 19:28:41,23.2,327.7,-46.30002,3.658,3.635,40,38,9.9,29.76,410.0
401990,2020-07-30 19:28:51,23.6,327.7,-46.39999,3.658,3.636,40,38,9.94,29.88,420.0
401991,2020-07-30 19:29:01,23.6,327.8,-46.30002,3.659,3.636,40,38,9.98,30.01,430.0
401992,2020-07-30 19:29:11,23.6,327.8,-46.30002,3.659,3.637,40,38,10.02,30.13,440.0
401993,2020-07-30 19:29:21,23.6,327.8,-46.30002,3.66,3.637,40,38,10.06,30.24,450.0
401994,2020-07-30 19:29:31,24.0,327.8,-46.30002,3.659,3.638,40,38,10.1,30.36,460.0
401995,2020-07-30 19:29:41,24.0,328.0,-46.30002,3.661,3.638,40,38,10.14,30.51,470.0
401996,2020-07-30 19:29:51,24.0,328.0,-46.30002,3.66,3.639,40,38,10.19,30.63,480.0
401997,2020-07-30 19:30:01,24.0,328.0,-46.30002,3.66,3.639,40,38,10.23,30.76,490.0
401998,2020-07-30 19:30:12,24.4,328.0,-46.30002,3.661,3.64,40,38,10.27,30.88,501.0
401999,2020-07-30 19:30:22,24.4,328.0,-46.39999,3.662,3.64,40,38,10.32,31.02,511.0
402000,2020-07-30 19:30:32,24.4,328.0,-46.39999,3.663,3.641,40,38,10.36,31.15,521.0
402001,2020-07-30 19:30:42,24.4,328.2,-46.30002,3.662,3.642,40,38,10.4,31.27,531.0
402002,2020-07-30 19:30:52,24.4,328.2,-46.30002,3.663,3.642,40,38,10.44,31.38,541.0
402003,2020-07-30 19:31:02,24.8,328.2,-46.39999,3.663,3.642,40,38,10.48,31.52,551.0
402004,2020-07-30 19:31:12,24.8,328.2,-46.30002,3.663,3.642,40,38,10.52,31.64,561.0
402005,2020-07-30 19:31:22,24.8,328.3,-46.30002,3.663,3.643,40,38,10.57,31.76,571.0
402006,2020-07-30 19:31:32,24.8,328.3,-46.39999,3.664,3.644,40,38,10.6,31.89,581.0
402007,2020-07-30 19:31:42,25.2,328.3,-46.39999,3.665,3.644,40,38,10.65,32.02,591.0
402008,2020-07-30 19:31:52,25.2,328.3,-46.39999,3.664,3.644,40,38,10.69,32.14,601.0
402009,2020-07-30 19:32:02,25.2,328.3,-46.30002,3.665,3.645,40,38,10.73,32.27,611.0
402010,2020-07-30 19:32:12,25.2,328.5,-46.20001,3.665,3.644,40,38,10.77,32.39,621.0
402011,2020-07-30 19:32:22,25.6,328.5,-46.20001,3.665,3.645,40,38,10.81,32.5,631.0
402012,2020-07-30 19:32:32,25.6,328.5,-46.10001,3.666,3.646,40,38,10.85,32.63,641.0
402013,2020-07-30 19:32:42,25.6,328.5,-46.20001,3.666,3.646,40,38,10.9,32.76,651.0
402014,2020-07-30 19:32:52,25.6,328.6,-46.20001,3.667,3.645,40,38,10.93,32.89,661.0
402015,2020-07-30 19:33:02,26.0,328.5,-46.10001,3.666,3.646,40,38,10.98,33.01,671.0
402016,2020-07-30 19:33:12,26.0,328.6,-46.10001,3.667,3.647,40,38,11.03,33.15,681.0
402017,2020-07-30 19:33:22,26.0,328.6,-46.10001,3.667,3.647,40,38,11.06,33.28,691.0
402018,2020-07-30 19:33:32,26.0,328.6,-46.20001,3.668,3.646,40,38,11.11,33.4,701.0
402019,2020-07-30 19:33:42,26.4,328.6,-46.20001,3.668,3.648,40,38,11.15,33.52,711.0
402020,2020-07-30 19:33:52,26.4,328.6,-46.20001,3.668,3.648,40,38,11.19,33.65,721.0
402021,2020-07-30 19:34:02,26.4,328.6,-46.20001,3.668,3.649,40,38,11.23,33.76,731.0
402022,2020-07-30 19:34:12,26.4,328.8,-46.20001,3.669,3.649,40,38,11.27,33.91,741.0
402023,2020-07-30 19:34:22,26.8,328.8,-46.10001,3.669,3.648,40,38,11.32,34.03,751.0
402024,2020-07-30 19:34:32,26.8,328.9,-46.10001,3.67,3.65,40,38,11.36,34.15,761.0
402025,2020-07-30 19:34:42,26.8,328.8,-46.20001,3.67,3.65,40,38,11.4,34.28,771.0
402026,2020-07-30 19:34:52,26.8,328.8,-46.20001,3.67,3.65,40,38,11.44,34.4,781.0
402027,2020-07-30 19:35:02,27.2,328.9,-46.20001,3.67,3.65,40,38,11.48,34.52,791.0
402028,2020-07-30 19:35:12,27.2,328.9,-46.10001,3.67,3.65,40,38,11.52,34.65,801.0
402029,2020-07-30 19:35:22,27.2,328.9,-46.10001,3.671,3.651,40,38,11.57,34.78,811.0
402030,2020-07-30 19:35:32,27.2,328.9,-46.20001,3.671,3.651,40,38,11.61,34.9,821.0
402031,2020-07-30 19:35:42,27.6,328.9,-46.20001,3.672,3.652,40,38,11.65,35.03,831.0
402032,2020-07-30 19:35:52,27.6,328.9,-46.20001,3.672,3.652,40,38,11.69,35.15,841.0
402033,2020-07-30 19:36:02,27.6,329.1,-46.20001,3.672,3.653,40,38,11.73,35.27,851.0
402034,2020-07-30 19:36:12,27.6,329.1,-46.20001,3.672,3.653,40,38,11.78,35.42,861.0
402035,2020-07-30 19:36:22,28.0,329.1,-46.20001,3.672,3.653,40,38,11.82,35.54,871.0
402036,2020-07-30 19:36:32,28.0,329.1,-46.20001,3.672,3.653,40,38,11.86,35.66,881.0
402037,2020-07-30 19:36:42,28.0,329.1,-46.20001,3.673,3.653,40,38,11.9,35.79,891.0
402038,2020-07-30 19:36:52,28.0,329.1,-46.20001,3.674,3.653,40,38,11.94,35.91,901.0
402039,2020-07-30 19:37:02,28.4,329.1,-46.20001,3.673,3.653,40,38,11.98,36.04,911.0
402040,2020-07-30 19:37:12,28.4,329.2,-46.10001,3.674,3.654,40,38,12.03,36.16,921.0
402041,2020-07-30 19:37:22,28.4,329.2,-46.20001,3.675,3.655,40,38,12.07,36.28,931.0
402042,2020-07-30 19:37:32,28.4,329.2,-46.20001,3.675,3.655,40,38,12.11,36.41,941.0
402043,2020-07-30 19:37:42,28.8,329.2,-46.20001,3.675,3.655,40,38,12.15,36.54,951.0
402044,2020-07-30 19:37:52,28.8,329.2,-46.20001,3.675,3.655,40,38,12.19,36.66,961.0
402045,2020-07-30 19:38:02,28.8,329.4,-46.10001,3.676,3.655,40,38,12.24,36.79,971.0
402046,2020-07-30 19:38:12,28.8,329.4,-46.10001,3.676,3.656,40,38,12.28,36.91,981.0
402047,2020-07-30 19:38:22,29.2,329.4,-46.20001,3.676,3.656,40,38,12.31,37.03,991.0
402048,2020-07-30 19:38:32,29.2,329.4,-46.20001,3.677,3.657,40,38,12.36,37.18,1001.0
402049,2020-07-30 19:38:42,29.2,329.4,-46.20001,3.677,3.657,40,38,12.41,37.3,1011.0
402050,2020-07-30 19:38:52,29.2,329.6,-46.10001,3.676,3.657,40,38,12.44,37.42,1021.0
402051,2020-07-30 19:39:02,29.6,329.6,-46.20001,3.677,3.658,40,38,12.49,37.55,1031.0
402052,2020-07-30 19:39:12,29.6,329.6,-46.20001,3.678,3.657,40,38,12.53,37.67,1041.0
402053,2020-07-30 19:39:22,29.6,329.6,-46.20001,3.677,3.658,40,38,12.57,37.79,1051.0
402054,2020-07-30 19:39:32,29.6,329.6,-45.89999,3.677,3.657,40,38,12.61,37.92,1061.0
402055,2020-07-30 19:39:42,30.0,329.6,-46.0,3.678,3.659,40,38,12.65,38.05,1071.0
402056,2020-07-30 19:39:52,30.0,329.7,-46.0,3.679,3.659,40,38,12.7,38.18,1081.0
402057,2020-07-30 19:40:02,30.0,329.7,-46.0,3.679,3.66,40,38,12.74,38.31,1091.0
402058,2020-07-30 19:40:12,30.0,329.7,-46.0,3.679,3.659,40,38,12.77,38.42,1101.0
402059,2020-07-30 19:40:22,30.4,329.7,-46.0,3.679,3.659,40,38,12.82,38.55,1111.0
402060,2020-07-30 19:40:32,30.4,329.7,-46.0,3.68,3.66,40,38,12.86,38.67,1121.0
402061,2020-07-30 19:40:42,30.4,329.9,-46.0,3.68,3.66,40,38,12.9,38.79,1131.0
402062,2020-07-30 19:40:52,30.4,329.9,-46.0,3.68,3.661,40,38,12.95,38.92,1141.0
402063,2020-07-30 19:41:02,30.4,329.9,-45.89999,3.68,3.661,40,38,12.98,39.04,1151.0
402064,2020-07-30 19:41:12,30.8,329.9,-46.0,3.681,3.662,40,38,13.03,39.17,1161.0
402065,2020-07-30 19:41:22,30.8,329.9,-46.0,3.682,3.662,40,38,13.07,39.3,1171.0
402066,2020-07-30 19:41:32,30.8,329.9,-46.0,3.682,3.662,40,38,13.11,39.42,1181.0
402067,2020-07-30 19:41:42,30.8,329.9,-46.0,3.682,3.662,40,38,13.16,39.56,1191.0
402068,2020-07-30 19:41:52,31.2,329.9,-46.0,3.682,3.662,40,39,13.2,39.68,1201.0
402069,2020-07-30 19:42:02,31.2,330.0,-46.0,3.683,3.663,40,39,13.24,39.81,1211.0
402070,2020-07-30 19:42:12,31.2,330.0,-46.0,3.682,3.663,40,39,13.28,39.94,1221.0
402071,2020-07-30 19:42:22,31.2,330.0,-46.0,3.683,3.664,40,39,13.32,40.06,1231.0
402072,2020-07-30 19:42:32,31.6,330.2,-46.0,3.683,3.664,40,39,13.36,40.18,1241.0
402073,2020-07-30 19:42:42,31.6,330.0,-46.10001,3.684,3.664,40,39,13.41,40.31,1251.0
402074,2020-07-30 19:42:52,31.6,330.2,-46.0,3.685,3.664,40,39,13.45,40.43,1261.0
402075,2020-07-30 19:43:02,31.6,330.2,-46.0,3.684,3.664,40,39,13.49,40.57,1271.0
402076,2020-07-30 19:43:12,32.0,330.3,-45.89999,3.686,3.664,40,39,13.54,40.7,1281.0
402077,2020-07-30 19:43:22,32.0,330.2,-45.89999,3.685,3.665,40,39,13.57,40.81,1291.0
402078,2020-07-30 19:43:32,32.0,330.3,-45.89999,3.686,3.665,40,39,13.62,40.93,1301.0
402079,2020-07-30 19:43:42,32.0,330.3,-46.0,3.686,3.665,40,39,13.65,41.06,1311.0
402080,2020-07-30 19:43:52,32.4,330.3,-46.0,3.686,3.665,40,39,13.69,41.18,1321.0
402081,2020-07-30 19:44:02,32.4,330.3,-46.0,3.686,3.666,40,39,13.74,41.3,1331.0
402082,2020-07-30 19:44:12,32.4,330.3,-46.0,3.686,3.666,40,39,13.78,41.43,1341.0
402083,2020-07-30 19:44:22,32.4,330.5,-46.0,3.687,3.666,40,39,13.82,41.55,1351.0
402084,2020-07-30 19:44:32,32.8,330.5,-46.0,3.687,3.667,40,39,13.87,41.69,1361.0
402085,2020-07-30 19:44:42,32.8,330.5,-46.0,3.688,3.668,40,39,13.91,41.82,1371.0
402086,2020-07-30 19:44:52,32.8,330.5,-46.0,3.687,3.668,40,39,13.95,41.94,1381.0
402087,2020-07-30 19:45:02,32.8,330.5,-46.0,3.688,3.668,40,39,13.99,42.07,1391.0
402088,2020-07-30 19:45:12,33.2,330.7,-46.0,3.689,3.669,40,39,14.03,42.19,1401.0
402089,2020-07-30 19:45:22,33.2,330.7,-46.0,3.689,3.668,40,39,14.06,42.29,1411.0
402090,2020-07-30 19:45:32,33.2,330.7,-46.0,3.69,3.669,40,39,14.12,42.44,1421.0
402091,2020-07-30 19:45:42,33.2,330.7,-46.0,3.689,3.669,40,39,14.15,42.57,1431.0
402092,2020-07-30 19:45:52,33.6,330.7,-46.0,3.69,3.669,40,39,14.2,42.69,1441.0
402093,2020-07-30 19:46:02,33.6,330.7,-46.0,3.691,3.67,40,39,14.24,42.82,1451.0
402094,2020-07-30 19:46:12,33.6,330.8,-46.0,3.69,3.671,40,39,14.28,42.95,1461.0
402095,2020-07-30 19:46:22,33.6,330.8,-46.0,3.691,3.671,40,39,14.33,43.08,1471.0
402096,2020-07-30 19:46:32,34.0,330.8,-46.0,3.691,3.671,40,39,14.36,43.19,1481.0
402097,2020-07-30 19:46:42,34.0,330.8,-46.0,3.692,3.671,40,39,14.41,43.31,1491.0
402098,2020-07-30 19:46:52,34.0,330.8,-45.89999,3.692,3.671,40,39,14.45,43.44,1501.0
402099,2020-07-30 19:47:02,34.0,331.0,-46.0,3.693,3.672,40,39,14.49,43.57,1511.0
402100,2020-07-30 19:47:12,34.4,331.0,-46.0,3.693,3.672,40,39,14.53,43.69,1521.0
402101,2020-07-30 19:47:22,34.4,331.0,-45.89999,3.693,3.672,40,39,14.57,43.81,1531.0
402102,2020-07-30 19:47:32,34.4,331.0,-45.80002,3.693,3.673,40,39,14.62,43.95,1541.0
402103,2020-07-30 19:47:42,34.4,331.0,-45.80002,3.694,3.673,40,39,14.66,44.08,1551.0
402104,2020-07-30 19:47:52,34.8,331.0,-45.80002,3.694,3.673,40,39,14.7,44.21,1561.0
402105,2020-07-30 19:48:02,34.8,331.0,-45.89999,3.695,3.673,40,39,14.74,44.33,1571.0
402106,2020-07-30 19:48:12,34.8,331.0,-45.80002,3.696,3.674,40,39,14.78,44.44,1581.0
402107,2020-07-30 19:48:22,34.8,331.1,-45.80002,3.695,3.674,40,39,14.82,44.56,1591.0
402108,2020-07-30 19:48:32,35.2,331.1,-45.80002,3.695,3.675,40,39,14.87,44.7,1601.0
402109,2020-07-30 19:48:42,35.2,331.1,-45.80002,3.696,3.675,40,39,14.91,44.82,1611.0
402110,2020-07-30 19:48:52,35.2,331.3,-45.80002,3.696,3.675,40,39,14.95,44.95,1621.0
402111,2020-07-30 19:49:02,35.2,331.3,-45.80002,3.697,3.676,40,39,14.99,45.08,1631.0
402112,2020-07-30 19:49:12,35.6,331.3,-45.80002,3.697,3.676,40,39,15.03,45.2,1641.0
402113,2020-07-30 19:49:22,35.6,331.3,-45.89999,3.697,3.676,40,39,15.07,45.33,1651.0
402114,2020-07-30 19:49:32,35.6,331.3,-45.89999,3.697,3.677,40,39,15.12,45.45,1661.0
402115,2020-07-30 19:49:42,35.6,331.3,-45.80002,3.699,3.677,40,39,15.16,45.57,1671.0
402116,2020-07-30 19:49:52,36.0,331.4,-45.80002,3.698,3.676,40,39,15.2,45.7,1681.0
402117,2020-07-30 19:50:02,36.0,331.4,-45.80002,3.698,3.677,40,39,15.24,45.82,1691.0
402118,2020-07-30 19:50:12,36.0,331.4,-45.80002,3.699,3.678,40,39,15.28,45.94,1701.0
402119,2020-07-30 19:50:22,36.0,331.4,-45.80002,3.699,3.678,40,39,15.33,46.07,1711.0
402120,2020-07-30 19:50:32,36.4,331.6,-45.80002,3.7,3.679,40,39,15.37,46.21,1721.0
402121,2020-07-30 19:50:42,36.4,331.6,-45.80002,3.7,3.679,40,39,15.41,46.34,1731.0
402122,2020-07-30 19:50:52,36.4,331.6,-45.80002,3.7,3.678,40,39,15.46,46.46,1741.0
402123,2020-07-30 19:51:02,36.4,331.6,-45.80002,3.701,3.679,40,39,15.49,46.58,1751.0
402124,2020-07-30 19:51:12,36.4,331.6,-45.80002,3.701,3.679,40,39,15.53,46.69,1761.0
402125,2020-07-30 19:51:22,36.8,331.7,-45.80002,3.702,3.68,40,39,15.57,46.82,1771.0
402126,2020-07-30 19:51:32,36.8,331.7,-45.80002,3.703,3.68,40,39,15.61,46.94,1781.0
402127,2020-07-30 19:51:42,36.8,331.7,-45.80002,3.701,3.681,40,39,15.66,47.07,1791.0
402128,2020-07-30 19:51:52,36.8,331.7,-45.80002,3.702,3.681,40,39,15.7,47.2,1801.0
402129,2020-07-30 19:52:02,37.2,331.9,-45.80002,3.703,3.682,41,39,15.74,47.33,1811.0
402130,2020-07-30 19:52:12,37.2,331.9,-45.80002,3.704,3.681,41,39,15.79,47.46,1821.0
402131,2020-07-30 19:52:22,37.2,331.9,-45.80002,3.704,3.682,41,39,15.83,47.58,1831.0
402132,2020-07-30 19:52:32,37.2,331.9,-45.80002,3.704,3.682,41,39,15.87,47.71,1841.0
402133,2020-07-30 19:52:42,37.6,332.1,-45.80002,3.705,3.683,41,39,15.9,47.81,1851.0
402134,2020-07-30 19:52:52,37.6,331.9,-45.80002,3.705,3.684,41,39,15.94,47.94,1861.0
402135,2020-07-30 19:53:02,37.6,332.1,-45.80002,3.706,3.684,41,39,15.99,48.07,1871.0
402136,2020-07-30 19:53:12,37.6,332.1,-45.80002,3.705,3.684,41,39,16.03,48.19,1881.0
402137,2020-07-30 19:53:22,38.0,332.1,-45.80002,3.706,3.684,41,39,16.07,48.32,1891.0
402138,2020-07-30 19:53:32,38.0,332.2,-45.80002,3.707,3.685,41,39,16.11,48.44,1901.0
402139,2020-07-30 19:53:42,38.0,332.2,-45.80002,3.707,3.685,41,39,16.16,48.58,1911.0
402140,2020-07-30 19:53:52,38.0,332.2,-45.80002,3.707,3.685,41,39,16.2,48.7,1921.0
402141,2020-07-30 19:54:02,38.4,332.4,-45.80002,3.708,3.686,41,39,16.24,48.83,1931.0
402142,2020-07-30 19:54:12,38.4,332.2,-45.80002,3.708,3.686,41,39,16.28,48.96,1941.0
402143,2020-07-30 19:54:22,38.4,332.4,-45.80002,3.708,3.687,41,39,16.33,49.08,1951.0
402144,2020-07-30 19:54:32,38.4,332.4,-45.60001,3.709,3.687,41,39,16.37,49.2,1961.0
402145,2020-07-30 19:54:42,38.8,332.4,-45.60001,3.709,3.687,41,39,16.4,49.33,1971.0
402146,2020-07-30 19:54:52,38.8,332.4,-45.60001,3.71,3.687,41,39,16.45,49.45,1981.0
402147,2020-07-30 19:55:02,38.8,332.4,-45.60001,3.71,3.688,41,39,16.5,49.6,1991.0
402148,2020-07-30 19:55:12,38.8,332.5,-45.60001,3.71,3.689,41,39,16.53,49.72,2001.0
402149,2020-07-30 19:55:22,39.2,332.5,-45.60001,3.711,3.688,41,39,16.58,49.84,2011.0
402150,2020-07-30 19:55:32,39.2,332.5,-45.60001,3.712,3.689,41,39,16.62,49.97,2021.0
402151,2020-07-30 19:55:42,39.2,332.5,-45.70001,3.711,3.689,41,39,16.66,50.09,2031.0
402152,2020-07-30 19:55:52,39.2,332.7,-45.60001,3.712,3.69,41,39,16.7,50.21,2041.0
402153,2020-07-30 19:56:02,39.6,332.7,-45.60001,3.712,3.69,41,39,16.73,50.33,2051.0
402154,2020-07-30 19:56:12,39.6,332.7,-45.60001,3.713,3.69,41,39,16.78,50.45,2061.0
402155,2020-07-30 19:56:22,39.6,332.7,-45.60001,3.713,3.691,41,39,16.82,50.57,2071.0
402156,2020-07-30 19:56:32,39.6,332.7,-45.60001,3.714,3.692,41,39,16.87,50.72,2081.0
402157,2020-07-30 19:56:42,40.0,332.8,-45.60001,3.714,3.692,41,39,16.91,50.84,2091.0
402158,2020-07-30 19:56:52,40.0,332.8,-45.60001,3.715,3.692,41,39,16.95,50.96,2101.0
402159,2020-07-30 19:57:02,40.0,332.8,-45.60001,3.715,3.692,41,39,16.99,51.09,2111.0
402160,2020-07-30 19:57:12,40.0,332.8,-45.60001,3.715,3.694,41,39,17.04,51.21,2121.0
402161,2020-07-30 19:57:22,40.4,333.0,-45.70001,3.716,3.693,41,39,17.07,51.34,2131.0
402162,2020-07-30 19:57:32,40.4,333.0,-45.60001,3.716,3.693,41,39,17.11,51.45,2141.0
402163,2020-07-30 19:57:42,40.4,333.0,-45.70001,3.716,3.694,41,39,17.16,51.59,2151.0
402164,2020-07-30 19:57:52,40.4,333.2,-45.60001,3.717,3.695,41,39,17.2,51.71,2161.0
402165,2020-07-30 19:58:02,40.8,333.2,-45.60001,3.717,3.695,41,39,17.24,51.84,2171.0
402166,2020-07-30 19:58:12,40.8,333.2,-45.60001,3.718,3.696,41,39,17.29,51.98,2181.0
402167,2020-07-30 19:58:22,40.8,333.2,-45.60001,3.719,3.697,41,39,17.33,52.1,2191.0
402168,2020-07-30 19:58:32,40.8,333.3,-45.60001,3.719,3.696,41,39,17.37,52.23,2201.0
402169,2020-07-30 19:58:42,41.2,333.3,-45.70001,3.719,3.696,41,39,17.41,52.35,2211.0
402170,2020-07-30 19:58:52,41.2,333.3,-45.60001,3.72,3.697,41,39,17.45,52.48,2221.0
402171,2020-07-30 19:59:02,41.2,333.3,-45.60001,3.72,3.697,41,39,17.49,52.59,2231.0
402172,2020-07-30 19:59:12,41.2,333.3,-45.60001,3.721,3.697,41,39,17.53,52.71,2241.0
402173,2020-07-30 19:59:22,41.6,333.5,-45.60001,3.722,3.698,41,39,17.58,52.84,2251.0
402174,2020-07-30 19:59:32,41.6,333.5,-45.39999,3.722,3.698,41,39,17.62,52.97,2261.0
402175,2020-07-30 19:59:42,41.6,333.5,-45.39999,3.722,3.699,41,39,17.66,53.1,2271.0
402176,2020-07-30 19:59:52,41.6,333.6,-45.5,3.723,3.699,41,39,17.71,53.23,2281.0
402177,2020-07-30 20:00:02,42.0,333.6,-45.39999,3.724,3.7,41,39,17.74,53.35,2291.0
402178,2020-07-30 20:00:12,42.0,333.6,-45.39999,3.724,3.7,41,39,17.78,53.47,2301.0
402179,2020-07-30 20:00:22,42.0,333.6,-45.5,3.724,3.7,41,39,17.83,53.6,2311.0
402180,2020-07-30 20:00:32,42.0,333.8,-45.39999,3.724,3.702,41,39,17.87,53.72,2321.0
402181,2020-07-30 20:00:42,42.0,333.8,-45.39999,3.725,3.701,41,39,17.91,53.85,2331.0
402182,2020-07-30 20:00:52,42.4,333.9,-45.39999,3.726,3.703,41,40,17.95,53.97,2341.0
402183,2020-07-30 20:01:02,42.4,333.8,-45.39999,3.726,3.702,41,39,17.99,54.1,2351.0
402184,2020-07-30 20:01:12,42.4,333.9,-45.5,3.727,3.703,41,40,18.04,54.22,2361.0
402185,2020-07-30 20:01:22,42.4,333.9,-45.39999,3.728,3.704,41,40,18.08,54.36,2371.0
402186,2020-07-30 20:01:32,42.8,333.9,-45.39999,3.727,3.704,41,40,18.12,54.48,2381.0
402187,2020-07-30 20:01:42,42.8,334.1,-45.5,3.728,3.704,41,40,18.17,54.61,2391.0
402188,2020-07-30 20:01:52,42.8,334.1,-45.39999,3.729,3.704,41,40,18.21,54.74,2401.0
402189,2020-07-30 20:02:02,42.8,334.1,-45.5,3.729,3.705,41,40,18.24,54.84,2411.0
402190,2020-07-30 20:02:12,43.2,334.2,-45.5,3.73,3.706,41,40,18.28,54.97,2421.0
402191,2020-07-30 20:02:22,43.2,334.2,-45.39999,3.731,3.706,41,40,18.32,55.09,2431.0
402192,2020-07-30 20:02:32,43.2,334.2,-45.5,3.731,3.707,41,40,18.37,55.23,2441.0
402193,2020-07-30 20:02:42,43.2,334.2,-45.39999,3.732,3.707,41,40,18.41,55.36,2451.0
402194,2020-07-30 20:02:52,43.6,334.2,-45.5,3.732,3.708,41,40,18.45,55.48,2461.0
402195,2020-07-30 20:03:02,43.6,334.4,-45.39999,3.732,3.708,41,40,18.5,55.63,2471.0
402196,2020-07-30 20:03:13,43.6,334.4,-45.39999,3.733,3.708,41,40,18.54,55.75,2482.0
402197,2020-07-30 20:03:23,43.6,334.6,-45.5,3.733,3.709,41,40,18.58,55.87,2492.0
402198,2020-07-30 20:03:33,44.0,334.6,-45.5,3.734,3.71,41,40,18.63,56.0,2502.0
402199,2020-07-30 20:03:43,44.0,334.6,-45.39999,3.734,3.71,41,40,18.66,56.11,2512.0
402200,2020-07-30 20:03:53,44.0,334.7,-45.39999,3.736,3.711,41,40,18.7,56.23,2522.0
402201,2020-07-30 20:04:03,44.0,334.7,-45.5,3.736,3.711,41,40,18.75,56.37,2532.0
402202,2020-07-30 20:04:13,44.4,334.7,-45.39999,3.737,3.712,41,40,18.79,56.5,2542.0
402203,2020-07-30 20:04:23,44.4,334.9,-45.20001,3.736,3.712,41,40,18.84,56.64,2552.0
402204,2020-07-30 20:04:33,44.4,334.9,-45.30002,3.738,3.712,41,40,18.88,56.76,2562.0
402205,2020-07-30 20:04:43,44.4,334.9,-45.30002,3.738,3.714,41,40,18.92,56.88,2572.0
402206,2020-07-30 20:04:53,44.8,334.9,-45.20001,3.738,3.714,41,40,18.96,57.01,2582.0
402207,2020-07-30 20:05:03,44.8,335.0,-45.20001,3.739,3.714,41,40,19.01,57.14,2592.0
402208,2020-07-30 20:05:13,44.8,335.0,-45.30002,3.74,3.714,41,40,19.04,57.24,2602.0
402209,2020-07-30 20:05:23,44.8,335.2,-45.20001,3.74,3.715,41,40,19.09,57.39,2612.0
402210,2020-07-30 20:05:33,45.2,335.0,-45.30002,3.74,3.715,41,40,19.13,57.51,2622.0
402211,2020-07-30 20:05:43,45.2,335.2,-45.20001,3.741,3.716,41,40,19.17,57.65,2632.0
402212,2020-07-30 20:05:53,45.2,335.2,-45.30002,3.742,3.717,41,40,19.21,57.78,2642.0
402213,2020-07-30 20:06:03,45.2,335.2,-45.30002,3.743,3.717,41,40,19.26,57.9,2652.0
402214,2020-07-30 20:06:13,45.6,335.3,-45.20001,3.743,3.718,41,40,19.3,58.03,2662.0
402215,2020-07-30 20:06:23,45.6,335.3,-45.20001,3.743,3.718,41,40,19.34,58.15,2672.0
402216,2020-07-30 20:06:33,45.6,335.5,-45.30002,3.744,3.719,41,40,19.39,58.29,2682.0
402217,2020-07-30 20:06:43,45.6,335.5,-45.20001,3.745,3.719,41,40,19.43,58.42,2692.0
402218,2020-07-30 20:06:53,46.0,335.5,-45.20001,3.745,3.721,41,40,19.47,58.52,2702.0
402219,2020-07-30 20:07:03,46.0,335.5,-45.20001,3.746,3.721,41,40,19.51,58.66,2712.0
402220,2020-07-30 20:07:13,46.0,335.7,-45.20001,3.746,3.72,41,40,19.55,58.79,2722.0
402221,2020-07-30 20:07:23,46.0,335.7,-45.30002,3.747,3.722,41,40,19.6,58.93,2732.0
402222,2020-07-30 20:07:33,46.4,335.7,-45.20001,3.748,3.721,41,40,19.64,59.05,2742.0
402223,2020-07-30 20:07:43,46.4,335.8,-45.30002,3.749,3.722,41,40,19.68,59.18,2752.0
402224,2020-07-30 20:07:53,46.4,335.8,-45.20001,3.75,3.723,41,40,19.73,59.31,2762.0
402225,2020-07-30 20:08:03,46.4,336.0,-45.20001,3.749,3.723,41,40,19.77,59.44,2772.0
402226,2020-07-30 20:08:13,46.8,336.0,-45.30002,3.751,3.724,41,40,19.8,59.55,2782.0
402227,2020-07-30 20:08:23,46.8,336.0,-45.30002,3.751,3.724,41,40,19.85,59.69,2792.0
402228,2020-07-30 20:08:33,46.8,336.1,-45.30002,3.752,3.725,41,40,19.9,59.83,2802.0
402229,2020-07-30 20:08:43,46.8,336.1,-45.10001,3.752,3.726,41,40,19.94,59.95,2812.0
402230,2020-07-30 20:08:53,47.2,336.1,-45.10001,3.753,3.726,41,40,19.98,60.08,2822.0
402231,2020-07-30 20:09:03,47.2,336.3,-45.10001,3.753,3.727,41,40,20.03,60.22,2832.0
402232,2020-07-30 20:09:13,47.2,336.3,-45.10001,3.754,3.728,42,40,20.07,60.35,2842.0
402233,2020-07-30 20:09:23,47.2,336.4,-45.20001,3.754,3.728,42,40,20.11,60.47,2852.0
402234,2020-07-30 20:09:33,47.6,336.4,-45.10001,3.755,3.728,42,40,20.16,60.61,2862.0
402235,2020-07-30 20:09:43,47.6,336.4,-45.20001,3.755,3.729,42,40,20.2,60.74,2872.0
402236,2020-07-30 20:09:53,47.6,336.6,-45.10001,3.755,3.73,42,40,20.24,60.86,2882.0
402237,2020-07-30 20:10:03,47.6,336.6,-45.10001,3.757,3.73,42,40,20.29,60.98,2892.0
402238,2020-07-30 20:10:13,48.0,336.8,-45.10001,3.758,3.731,42,40,20.33,61.12,2902.0
402239,2020-07-30 20:10:23,48.0,336.8,-45.10001,3.759,3.732,42,40,20.37,61.25,2912.0
402240,2020-07-30 20:10:33,48.0,336.8,-45.10001,3.759,3.732,42,40,20.42,61.39,2922.0
402241,2020-07-30 20:10:43,48.4,336.8,-45.10001,3.759,3.733,42,40,20.46,61.51,2932.0
402242,2020-07-30 20:10:53,48.4,336.9,-45.10001,3.76,3.733,42,40,20.5,61.64,2942.0
402243,2020-07-30 20:11:03,48.4,336.9,-45.10001,3.762,3.734,42,40,20.55,61.78,2952.0
402244,2020-07-30 20:11:13,48.4,337.1,-45.10001,3.762,3.735,42,40,20.59,61.9,2962.0
402245,2020-07-30 20:11:23,48.8,337.1,-45.10001,3.762,3.735,42,40,20.63,62.03,2972.0
402246,2020-07-30 20:11:33,48.8,337.1,-45.10001,3.763,3.737,42,40,20.68,62.17,2982.0
402247,2020-07-30 20:11:43,48.8,337.2,-45.10001,3.764,3.737,42,40,20.72,62.3,2992.0
402248,2020-07-30 20:11:53,48.8,337.2,-45.10001,3.766,3.738,42,40,20.77,62.43,3002.0
402249,2020-07-30 20:12:03,49.2,337.4,-45.10001,3.766,3.737,42,40,20.81,62.56,3012.0
402250,2020-07-30 20:12:13,49.2,337.4,-45.10001,3.766,3.739,42,40,20.85,62.68,3022.0
402251,2020-07-30 20:12:23,49.2,337.4,-44.89999,3.766,3.74,42,40,20.9,62.82,3032.0
402252,2020-07-30 20:12:33,49.2,337.5,-44.89999,3.768,3.74,42,40,20.94,62.95,3042.0
402253,2020-07-30 20:12:43,49.6,337.5,-44.89999,3.769,3.74,42,40,20.98,63.07,3052.0
402254,2020-07-30 20:12:53,49.6,337.7,-44.89999,3.769,3.74,42,40,21.02,63.19,3062.0
402255,2020-07-30 20:13:03,49.6,337.7,-44.89999,3.77,3.741,42,40,21.07,63.34,3072.0
402256,2020-07-30 20:13:13,49.6,337.7,-44.89999,3.771,3.743,42,40,21.1,63.46,3082.0
402257,2020-07-30 20:13:23,50.0,337.8,-45.0,3.772,3.743,42,40,21.16,63.6,3092.0
402258,2020-07-30 20:13:33,50.0,337.8,-45.0,3.773,3.744,42,40,21.2,63.73,3102.0
402259,2020-07-30 20:13:43,50.0,338.0,-44.89999,3.773,3.744,42,40,21.24,63.85,3112.0
402260,2020-07-30 20:13:53,50.0,338.0,-44.89999,3.774,3.745,42,40,21.28,63.99,3122.0
402261,2020-07-30 20:14:03,50.4,338.2,-45.0,3.775,3.746,42,40,21.33,64.11,3132.0
402262,2020-07-30 20:14:13,50.4,338.2,-45.0,3.775,3.746,42,40,21.37,64.24,3142.0
402263,2020-07-30 20:14:23,50.4,338.3,-44.89999,3.776,3.747,42,40,21.41,64.38,3152.0
402264,2020-07-30 20:14:33,50.4,338.3,-44.89999,3.777,3.747,42,40,21.46,64.5,3162.0
402265,2020-07-30 20:14:43,50.8,338.3,-45.0,3.778,3.749,42,40,21.5,64.63,3172.0
402266,2020-07-30 20:14:53,50.8,338.5,-44.89999,3.78,3.748,42,40,21.54,64.75,3182.0
402267,2020-07-30 20:15:03,50.8,338.5,-44.80002,3.78,3.75,42,40,21.59,64.9,3192.0
402268,2020-07-30 20:15:13,50.8,338.6,-44.80002,3.78,3.751,42,40,21.63,65.02,3202.0
402269,2020-07-30 20:15:23,51.2,338.6,-44.70001,3.782,3.751,42,40,21.67,65.14,3212.0
402270,2020-07-30 20:15:33,51.2,338.8,-44.80002,3.783,3.752,42,40,21.71,65.27,3222.0
402271,2020-07-30 20:15:43,51.2,338.8,-44.80002,3.784,3.752,42,40,21.76,65.41,3232.0
402272,2020-07-30 20:15:53,51.2,338.8,-44.80002,3.784,3.753,42,40,21.79,65.53,3242.0
402273,2020-07-30 20:16:03,51.6,338.9,-44.70001,3.785,3.755,42,40,21.85,65.67,3252.0
402274,2020-07-30 20:16:13,51.6,339.1,-44.70001,3.786,3.754,42,40,21.88,65.78,3262.0
402275,2020-07-30 20:16:23,51.6,339.1,-44.70001,3.786,3.755,42,40,21.92,65.91,3272.0
402276,2020-07-30 20:16:33,51.6,339.1,-44.80002,3.788,3.756,42,40,21.96,66.03,3282.0
402277,2020-07-30 20:16:43,52.0,339.3,-44.70001,3.789,3.757,42,40,22.01,66.17,3292.0
402278,2020-07-30 20:16:53,52.0,339.4,-44.80002,3.79,3.757,42,40,22.05,66.3,3302.0
402279,2020-07-30 20:17:03,52.0,339.4,-44.80002,3.791,3.759,42,40,22.1,66.42,3312.0
402280,2020-07-30 20:17:13,52.0,339.6,-44.80002,3.792,3.759,42,40,22.13,66.54,3322.0
402281,2020-07-30 20:17:23,52.4,339.6,-44.70001,3.792,3.76,42,40,22.18,66.67,3332.0
402282,2020-07-30 20:17:33,52.4,339.7,-44.70001,3.793,3.761,42,40,22.23,66.81,3342.0
402283,2020-07-30 20:17:43,52.4,339.7,-44.70001,3.795,3.762,42,40,22.26,66.93999,3352.0
402284,2020-07-30 20:17:53,52.4,339.9,-44.60001,3.795,3.762,42,40,22.31,67.06,3362.0
402285,2020-07-30 20:18:03,52.8,339.9,-44.60001,3.797,3.763,42,40,22.35,67.18,3372.0
402286,2020-07-30 20:18:13,52.8,340.0,-44.60001,3.797,3.764,42,40,22.39,67.31,3382.0
402287,2020-07-30 20:18:23,52.8,340.0,-44.60001,3.799,3.765,42,40,22.43,67.43999,3392.0
402288,2020-07-30 20:18:33,52.8,340.2,-44.60001,3.8,3.766,42,40,22.47,67.56,3402.0
402289,2020-07-30 20:18:43,53.2,340.3,-44.60001,3.8,3.766,42,40,22.51,67.68999,3412.0
402290,2020-07-30 20:18:53,53.2,340.3,-44.60001,3.802,3.767,42,41,22.56,67.81,3422.0
402291,2020-07-30 20:19:03,53.2,340.3,-44.60001,3.803,3.768,42,40,22.6,67.95,3432.0
402292,2020-07-30 20:19:13,53.2,340.5,-44.60001,3.804,3.768,42,41,22.65,68.09,3442.0
402293,2020-07-30 20:19:23,53.6,340.7,-44.60001,3.805,3.77,42,41,22.69,68.2,3452.0
402294,2020-07-30 20:19:33,53.6,340.7,-44.60001,3.806,3.77,42,41,22.72,68.33,3462.0
402295,2020-07-30 20:19:43,53.6,340.8,-44.60001,3.808,3.77,42,41,22.77,68.45,3472.0
402296,2020-07-30 20:19:53,53.6,341.0,-44.60001,3.809,3.773,42,41,22.81,68.57,3482.0
402297,2020-07-30 20:20:03,54.0,341.0,-44.60001,3.809,3.773,42,41,22.85,68.7,3492.0
402298,2020-07-30 20:20:13,54.0,341.1,-44.60001,3.81,3.774,42,41,22.89,68.82,3502.0
402299,2020-07-30 20:20:23,54.0,341.3,-44.5,3.812,3.775,42,41,22.94,68.96,3512.0
402300,2020-07-30 20:20:33,54.0,341.3,-44.60001,3.812,3.776,42,41,22.99,69.1,3522.0
402301,2020-07-30 20:20:43,54.4,341.3,-44.39999,3.814,3.777,42,41,23.02,69.23,3532.0
402302,2020-07-30 20:20:53,54.4,341.4,-44.39999,3.815,3.778,42,41,23.07,69.35,3542.0
402303,2020-07-30 20:21:03,54.4,341.6,-44.39999,3.816,3.778,42,41,23.1,69.46,3552.0
402304,2020-07-30 20:21:13,54.4,341.6,-44.39999,3.818,3.78,42,41,23.15,69.58,3562.0
402305,2020-07-30 20:21:23,54.8,341.8,-44.39999,3.817,3.78,42,41,23.19,69.71,3572.0
402306,2020-07-30 20:21:33,54.8,341.8,-44.39999,3.819,3.781,42,41,23.23,69.84,3582.0
402307,2020-07-30 20:21:43,54.8,341.9,-44.39999,3.82,3.782,42,41,23.27,69.96,3592.0
402308,2020-07-30 20:21:53,54.8,342.1,-44.39999,3.822,3.784,42,41,23.32,70.1,3602.0
402309,2020-07-30 20:22:03,55.2,342.2,-44.39999,3.822,3.784,42,41,23.35,70.22,3612.0
402310,2020-07-30 20:22:13,55.2,342.2,-44.5,3.824,3.785,42,41,23.4,70.37,3622.0
402311,2020-07-30 20:22:23,55.2,342.4,-44.39999,3.824,3.786,42,41,23.45,70.49,3632.0
402312,2020-07-30 20:22:33,55.2,342.4,-44.39999,3.826,3.787,42,41,23.48,70.6,3642.0
402313,2020-07-30 20:22:43,55.6,342.5,-44.39999,3.826,3.789,42,41,23.53,70.72,3652.0
402314,2020-07-30 20:22:53,55.6,342.5,-44.20001,3.827,3.79,42,41,23.56,70.85,3662.0
402315,2020-07-30 20:23:03,55.6,342.7,-44.20001,3.828,3.791,42,41,23.61,70.97,3672.0
402316,2020-07-30 20:23:13,55.6,342.8,-44.20001,3.83,3.793,42,41,23.65,71.09,3682.0
402317,2020-07-30 20:23:23,56.0,342.8,-44.20001,3.831,3.794,42,41,23.69,71.24,3692.0
402318,2020-07-30 20:23:33,56.0,343.0,-44.20001,3.832,3.795,42,41,23.74,71.36,3702.0
402319,2020-07-30 20:23:43,56.0,343.2,-44.20001,3.833,3.796,42,41,23.78,71.49,3712.0
402320,2020-07-30 20:23:53,56.0,343.2,-44.20001,3.834,3.797,42,41,23.82,71.61,3722.0
402321,2020-07-30 20:24:03,56.4,343.3,-44.30002,3.835,3.798,42,41,23.86,71.73,3732.0
402322,2020-07-30 20:24:13,56.4,343.3,-44.20001,3.835,3.799,42,41,23.9,71.86,3742.0
402323,2020-07-30 20:24:23,56.4,343.6,-44.20001,3.837,3.8,42,41,23.94,71.99,3752.0
402324,2020-07-30 20:24:33,56.4,343.6,-44.30002,3.837,3.801,43,41,23.99,72.11,3762.0
402325,2020-07-30 20:24:43,56.8,343.6,-44.20001,3.839,3.802,43,41,24.03,72.24,3772.0
402326,2020-07-30 20:24:53,56.8,343.8,-44.10001,3.839,3.803,43,41,24.07,72.36,3782.0
402327,2020-07-30 20:25:03,56.8,343.9,-44.10001,3.84,3.805,43,41,24.12,72.5,3792.0
402328,2020-07-30 20:25:13,56.8,343.9,-44.10001,3.841,3.805,43,41,24.16,72.62,3802.0
402329,2020-07-30 20:25:23,56.8,344.1,-44.10001,3.842,3.806,43,41,24.2,72.75,3812.0
402330,2020-07-30 20:25:33,57.2,344.1,-44.10001,3.843,3.808,43,41,24.24,72.88,3822.0
402331,2020-07-30 20:25:43,57.2,344.3,-44.10001,3.844,3.809,43,41,24.27,72.98,3832.0
402332,2020-07-30 20:25:53,57.2,344.4,-44.10001,3.845,3.809,43,41,24.32,73.11,3842.0
402333,2020-07-30 20:26:03,57.2,344.4,-44.10001,3.847,3.811,43,41,24.36,73.23,3852.0
402334,2020-07-30 20:26:13,57.6,344.4,-44.10001,3.847,3.811,43,41,24.4,73.36,3862.0
402335,2020-07-30 20:26:23,57.6,344.6,-44.10001,3.848,3.813,43,41,24.44,73.48,3872.0
402336,2020-07-30 20:26:33,57.6,344.7,-44.10001,3.849,3.814,43,41,24.49,73.62,3882.0
402337,2020-07-30 20:26:43,57.6,344.9,-44.10001,3.85,3.815,43,41,24.53,73.75,3892.0
402338,2020-07-30 20:26:53,58.0,344.9,-44.10001,3.851,3.816,43,41,24.57,73.87,3902.0
402339,2020-07-30 20:27:03,58.0,344.9,-43.89999,3.852,3.817,43,41,24.61,74.0,3912.0
402340,2020-07-30 20:27:13,58.0,345.0,-43.89999,3.853,3.818,43,41,24.66,74.13,3922.0
402341,2020-07-30 20:27:23,58.0,345.2,-43.89999,3.853,3.819,43,41,24.7,74.24,3932.0
402342,2020-07-30 20:27:33,58.4,345.2,-43.89999,3.854,3.82,43,41,24.73,74.37,3942.0
402343,2020-07-30 20:27:43,58.4,345.3,-43.89999,3.855,3.821,43,41,24.78,74.49,3952.0
402344,2020-07-30 20:27:53,58.4,345.3,-43.89999,3.858,3.821,43,41,24.82,74.62,3962.0
402345,2020-07-30 20:28:03,58.4,345.5,-43.89999,3.857,3.823,43,41,24.86,74.76,3972.0
402346,2020-07-30 20:28:13,58.8,345.5,-43.89999,3.859,3.823,43,41,24.91,74.88,3982.0
402347,2020-07-30 20:28:23,58.8,345.7,-43.89999,3.859,3.825,43,41,24.95,75.01,3992.0
402348,2020-07-30 20:28:33,58.8,345.7,-44.0,3.86,3.827,43,41,24.99,75.13,4002.0
402349,2020-07-30 20:28:43,58.8,345.8,-43.89999,3.861,3.827,43,41,25.03,75.25999,4012.0
402350,2020-07-30 20:28:54,59.2,346.0,-43.89999,3.862,3.827,43,41,25.07,75.36,4023.0
402351,2020-07-30 20:29:04,59.2,346.0,-44.0,3.863,3.829,43,41,25.11,75.49,4033.0
402352,2020-07-30 20:29:14,59.2,346.1,-43.89999,3.864,3.83,43,41,25.15,75.61,4043.0
402353,2020-07-30 20:29:24,59.2,346.1,-43.89999,3.865,3.831,43,41,25.19,75.74,4053.0
402354,2020-07-30 20:29:34,59.6,346.3,-43.70001,3.866,3.832,43,41,25.24,75.87,4063.0
402355,2020-07-30 20:29:44,59.6,346.3,-43.70001,3.867,3.833,43,41,25.27,75.99,4073.0
402356,2020-07-30 20:29:54,59.6,346.4,-43.70001,3.867,3.834,43,41,25.32,76.12,4083.0
402357,2020-07-30 20:30:04,59.6,346.4,-43.70001,3.868,3.835,43,41,25.36,76.24,4093.0
402358,2020-07-30 20:30:14,60.0,346.6,-43.80002,3.869,3.836,43,41,25.4,76.36,4103.0
402359,2020-07-30 20:30:24,60.0,346.8,-43.70001,3.87,3.838,43,41,25.44,76.49,4113.0
402360,2020-07-30 20:30:34,60.0,346.8,-43.70001,3.87,3.838,43,41,25.47,76.6,4123.0
402361,2020-07-30 20:30:44,60.0,346.9,-43.70001,3.872,3.839,43,41,25.52,76.72,4133.0
402362,2020-07-30 20:30:54,60.4,346.9,-43.80002,3.872,3.839,43,41,25.56,76.84,4143.0
402363,2020-07-30 20:31:04,60.4,346.9,-43.80002,3.874,3.84,43,41,25.6,76.99,4153.0
402364,2020-07-30 20:31:14,60.4,347.1,-43.70001,3.875,3.842,43,41,25.65,77.11,4163.0
402365,2020-07-30 20:31:24,60.4,347.2,-43.80002,3.875,3.841,43,41,25.69,77.24,4173.0
402366,2020-07-30 20:31:34,60.8,347.2,-43.80002,3.876,3.843,43,41,25.73,77.36,4183.0
402367,2020-07-30 20:31:44,60.8,347.4,-43.70001,3.877,3.844,43,41,25.77,77.47,4193.0
402368,2020-07-30 20:31:54,60.8,347.4,-43.70001,3.878,3.845,43,41,25.81,77.59,4203.0
402369,2020-07-30 20:32:04,60.8,347.5,-43.70001,3.879,3.846,43,41,25.85,77.72,4213.0
402370,2020-07-30 20:32:14,60.8,347.5,-43.70001,3.879,3.847,43,41,25.89,77.84,4223.0
402371,2020-07-30 20:32:24,61.2,347.7,-43.60001,3.881,3.848,43,41,25.93,77.95,4233.0
402372,2020-07-30 20:32:34,61.2,347.7,-43.60001,3.881,3.849,43,41,25.98,78.09,4243.0
402373,2020-07-30 20:32:44,61.2,347.8,-43.60001,3.882,3.85,43,41,26.01,78.22,4253.0
402374,2020-07-30 20:32:54,61.2,347.8,-43.60001,3.883,3.851,43,41,26.06,78.35,4263.0
402375,2020-07-30 20:33:04,61.6,348.0,-43.60001,3.884,3.852,43,41,26.1,78.47,4273.0
402376,2020-07-30 20:33:14,61.6,348.0,-43.60001,3.885,3.853,43,41,26.14,78.59,4283.0
402377,2020-07-30 20:33:24,61.6,348.2,-43.60001,3.886,3.853,43,41,26.19,78.72,4293.0
402378,2020-07-30 20:33:34,61.6,348.2,-43.5,3.887,3.854,43,41,26.22,78.84,4303.0
402379,2020-07-30 20:33:44,62.0,348.3,-43.60001,3.888,3.855,43,41,26.26,78.95,4313.0
402380,2020-07-30 20:33:54,62.0,348.3,-43.60001,3.888,3.856,43,41,26.3,79.07,4323.0
402381,2020-07-30 20:34:04,62.0,348.5,-43.60001,3.889,3.856,43,41,26.34,79.2,4333.0
402382,2020-07-30 20:34:14,62.0,348.5,-43.60001,3.89,3.858,43,41,26.39,79.32,4343.0
402383,2020-07-30 20:34:24,62.4,348.6,-43.60001,3.891,3.859,43,41,26.42,79.45,4353.0
402384,2020-07-30 20:34:34,62.4,348.6,-43.60001,3.892,3.86,43,41,26.47,79.58,4363.0
402385,2020-07-30 20:34:44,62.4,348.8,-43.5,3.892,3.86,43,41,26.51,79.7,4373.0
402386,2020-07-30 20:34:54,62.4,348.8,-43.60001,3.893,3.862,43,41,26.55,79.83,4383.0
402387,2020-07-30 20:35:04,62.8,348.9,-43.39999,3.895,3.862,43,41,26.6,79.95,4393.0
402388,2020-07-30 20:35:14,62.8,348.9,-43.39999,3.895,3.864,43,41,26.63,80.06,4403.0
402389,2020-07-30 20:35:24,62.8,349.1,-43.39999,3.896,3.864,43,41,26.67,80.18,4413.0
402390,2020-07-30 20:35:34,62.8,349.3,-43.39999,3.897,3.865,43,41,26.71,80.31,4423.0
402391,2020-07-30 20:35:44,63.2,349.3,-43.39999,3.898,3.866,43,41,26.75,80.43,4433.0
402392,2020-07-30 20:35:54,63.2,349.4,-43.39999,3.899,3.867,43,41,26.8,80.55,4443.0
402393,2020-07-30 20:36:04,63.2,349.4,-43.39999,3.899,3.868,43,41,26.83,80.68,4453.0
402394,2020-07-30 20:36:14,63.2,349.6,-43.39999,3.9,3.868,43,41,26.88,80.8,4463.0
402395,2020-07-30 20:36:24,63.6,349.7,-43.39999,3.902,3.869,43,41,26.92,80.93,4473.0
402396,2020-07-30 20:36:34,63.6,349.7,-43.39999,3.902,3.87,43,41,26.96,81.04,4483.0
402397,2020-07-30 20:36:44,63.6,349.7,-43.39999,3.903,3.871,43,41,26.99,81.15,4493.0
402398,2020-07-30 20:36:54,63.6,349.7,-43.39999,3.904,3.872,43,41,27.03,81.27,4503.0
402399,2020-07-30 20:37:04,63.6,349.9,-43.39999,3.905,3.872,43,41,27.08,81.42,4513.0
402400,2020-07-30 20:37:14,64.0,349.9,-43.20001,3.906,3.874,43,41,27.12,81.54,4523.0
402401,2020-07-30 20:37:24,64.0,350.0,-43.20001,3.907,3.874,43,41,27.16,81.66,4533.0
402402,2020-07-30 20:37:34,64.0,350.0,-43.30002,3.907,3.874,43,41,27.2,81.77,4543.0
402403,2020-07-30 20:37:44,64.0,350.2,-43.30002,3.908,3.877,43,41,27.24,81.9,4553.0
402404,2020-07-30 20:37:54,64.4,350.2,-43.20001,3.909,3.877,43,41,27.28,82.02,4563.0
402405,2020-07-30 20:38:04,64.4,350.3,-43.30002,3.91,3.878,43,41,27.32,82.15,4573.0
402406,2020-07-30 20:38:14,64.4,350.5,-43.30002,3.911,3.878,43,41,27.37,82.27,4583.0
402407,2020-07-30 20:38:24,64.4,350.5,-43.30002,3.912,3.881,43,41,27.4,82.38,4593.0
402408,2020-07-30 20:38:34,64.8,350.5,-43.30002,3.913,3.881,43,41,27.45,82.52,4603.0
402409,2020-07-30 20:38:44,64.8,350.7,-43.20001,3.914,3.882,43,41,27.49,82.64,4613.0
402410,2020-07-30 20:38:54,64.8,350.8,-43.30002,3.915,3.883,43,41,27.52,82.75,4623.0
402411,2020-07-30 20:39:04,64.8,350.8,-43.30002,3.916,3.884,43,41,27.57,82.87,4633.0
402412,2020-07-30 20:39:14,65.2,350.8,-43.30002,3.916,3.884,43,41,27.61,83.0,4643.0
402413,2020-07-30 20:39:24,65.2,351.0,-43.30002,3.917,3.885,43,41,27.65,83.13,4653.0
402414,2020-07-30 20:39:34,65.2,351.0,-43.20001,3.918,3.886,43,41,27.69,83.25,4663.0
402415,2020-07-30 20:39:44,65.2,351.1,-43.30002,3.919,3.887,43,41,27.73,83.38,4673.0
402416,2020-07-30 20:39:54,65.6,351.3,-43.30002,3.919,3.888,43,41,27.77,83.47,4683.0
402417,2020-07-30 20:40:04,65.6,351.3,-43.10001,3.921,3.888,43,41,27.81,83.61,4693.0
402418,2020-07-30 20:40:14,65.6,351.4,-43.10001,3.921,3.889,43,41,27.85,83.74,4703.0
402419,2020-07-30 20:40:24,65.6,351.4,-43.10001,3.922,3.891,43,41,27.9,83.86,4713.0
402420,2020-07-30 20:40:34,65.6,351.4,-43.10001,3.924,3.89,43,41,27.93,83.98,4723.0
402421,2020-07-30 20:40:44,66.0,351.6,-43.10001,3.924,3.892,43,41,27.97,84.1,4733.0
402422,2020-07-30 20:40:54,66.0,351.6,-43.10001,3.925,3.892,43,41,28.01,84.22,4743.0
402423,2020-07-30 20:41:04,66.0,351.8,-43.10001,3.926,3.894,43,41,28.06,84.34,4753.0
402424,2020-07-30 20:41:14,66.0,351.8,-43.10001,3.927,3.895,43,41,28.1,84.47,4763.0
402425,2020-07-30 20:41:24,66.4,351.9,-43.10001,3.928,3.895,43,41,28.13,84.58,4773.0
402426,2020-07-30 20:41:34,66.4,351.9,-43.10001,3.928,3.896,43,41,28.17,84.7,4783.0
402427,2020-07-30 20:41:44,66.4,352.1,-43.10001,3.928,3.897,43,41,28.21,84.82,4793.0
402428,2020-07-30 20:41:54,66.4,352.2,-43.10001,3.93,3.898,43,41,28.26,84.95,4803.0
402429,2020-07-30 20:42:04,66.8,352.2,-43.10001,3.931,3.899,43,41,28.3,85.07,4813.0
402430,2020-07-30 20:42:14,66.8,352.2,-43.10001,3.932,3.899,43,41,28.34,85.2,4823.0
402431,2020-07-30 20:42:24,66.8,352.4,-43.10001,3.932,3.901,43,41,28.38,85.31,4833.0
402432,2020-07-30 20:42:34,66.8,352.4,-43.10001,3.934,3.902,43,41,28.41,85.43,4843.0
402433,2020-07-30 20:42:44,67.2,352.5,-43.10001,3.934,3.902,43,41,28.46,85.56,4853.0
402434,2020-07-30 20:42:54,67.2,352.7,-43.10001,3.936,3.903,43,41,28.5,85.68,4863.0
402435,2020-07-30 20:43:04,67.2,352.7,-43.0,3.936,3.904,43,41,28.54,85.79,4873.0
402436,2020-07-30 20:43:14,67.2,352.8,-42.89999,3.936,3.905,43,41,28.58,85.91,4883.0
402437,2020-07-30 20:43:24,67.6,352.8,-43.0,3.937,3.905,43,41,28.62,86.04,4893.0
402438,2020-07-30 20:43:34,67.6,353.0,-42.89999,3.938,3.906,43,41,28.66,86.17,4903.0
402439,2020-07-30 20:43:44,67.6,353.0,-43.0,3.939,3.907,43,41,28.69,86.27,4913.0
402440,2020-07-30 20:43:54,67.6,353.2,-42.89999,3.94,3.908,43,41,28.74,86.4,4923.0
402441,2020-07-30 20:44:04,67.6,353.2,-42.89999,3.941,3.909,43,41,28.78,86.53,4933.0
402442,2020-07-30 20:44:14,68.0,353.2,-43.0,3.942,3.91,43,41,28.82,86.65,4943.0
402443,2020-07-30 20:44:24,68.0,353.3,-43.0,3.944,3.911,43,41,28.86,86.75999,4953.0
402444,2020-07-30 20:44:34,68.0,353.3,-42.89999,3.944,3.912,43,41,28.9,86.88,4963.0
402445,2020-07-30 20:44:44,68.0,353.5,-42.89999,3.945,3.913,43,41,28.94,87.00999,4973.0
402446,2020-07-30 20:44:54,68.4,353.6,-42.89999,3.946,3.914,43,41,28.98,87.13,4983.0
402447,2020-07-30 20:45:04,68.4,353.6,-43.0,3.946,3.914,43,41,29.03,87.25999,4993.0
402448,2020-07-30 20:45:14,68.4,353.8,-42.89999,3.947,3.915,43,41,29.06,87.37,5003.0
402449,2020-07-30 20:45:24,68.4,353.8,-42.89999,3.948,3.916,43,41,29.1,87.49,5013.0
402450,2020-07-30 20:45:34,68.8,353.8,-42.80002,3.948,3.917,43,41,29.14,87.61,5023.0
402451,2020-07-30 20:45:44,68.8,353.9,-42.70001,3.95,3.918,43,41,29.18,87.73,5033.0
402452,2020-07-30 20:45:54,68.8,354.1,-42.70001,3.95,3.918,43,41,29.22,87.85,5043.0
402453,2020-07-30 20:46:04,68.8,354.1,-42.80002,3.951,3.919,43,41,29.27,87.99,5053.0
402454,2020-07-30 20:46:14,69.2,354.3,-42.80002,3.952,3.92,43,41,29.3,88.09,5063.0
402455,2020-07-30 20:46:24,69.2,354.3,-42.80002,3.953,3.921,43,41,29.34,88.21,5073.0
402456,2020-07-30 20:46:34,69.2,354.3,-42.80002,3.954,3.921,43,41,29.38,88.33,5083.0
402457,2020-07-30 20:46:44,69.2,354.4,-42.80002,3.955,3.924,43,41,29.42,88.46,5093.0
402458,2020-07-30 20:46:54,69.2,354.6,-42.80002,3.956,3.924,43,41,29.46,88.57,5103.0
402459,2020-07-30 20:47:04,69.6,354.6,-42.80002,3.957,3.924,43,41,29.5,88.68999,5113.0
402460,2020-07-30 20:47:14,69.6,354.6,-42.80002,3.957,3.926,43,41,29.54,88.81,5123.0
402461,2020-07-30 20:47:24,69.6,354.7,-42.70001,3.958,3.926,43,41,29.59,88.93999,5133.0
402462,2020-07-30 20:47:34,69.6,354.7,-42.80002,3.959,3.926,43,41,29.62,89.05,5143.0
402463,2020-07-30 20:47:44,70.0,354.9,-42.80002,3.961,3.928,43,41,29.66,89.17,5153.0
402464,2020-07-30 20:47:54,70.0,354.9,-42.70001,3.962,3.928,43,41,29.7,89.3,5163.0
402465,2020-07-30 20:48:04,70.0,355.0,-42.80002,3.961,3.93,43,41,29.74,89.42,5173.0
402466,2020-07-30 20:48:14,70.0,355.2,-42.80002,3.963,3.931,43,41,29.78,89.53,5183.0
402467,2020-07-30 20:48:24,70.4,355.2,-42.70001,3.964,3.932,43,41,29.82,89.65,5193.0
402468,2020-07-30 20:48:34,70.4,355.2,-42.60001,3.964,3.932,43,41,29.87,89.78,5203.0
402469,2020-07-30 20:48:44,70.4,355.3,-42.70001,3.965,3.933,43,41,29.9,89.89,5213.0
402470,2020-07-30 20:48:54,70.4,355.5,-42.70001,3.966,3.933,43,41,29.94,90.00999,5223.0
402471,2020-07-30 20:49:04,70.8,355.5,-42.60001,3.967,3.934,43,41,29.98,90.14,5233.0
402472,2020-07-30 20:49:14,70.8,355.5,-42.70001,3.968,3.936,43,41,30.02,90.25,5243.0
402473,2020-07-30 20:49:24,70.8,355.5,-42.60001,3.969,3.937,43,41,30.06,90.37,5253.0
402474,2020-07-30 20:49:34,70.8,355.8,-42.60001,3.97,3.938,43,41,30.1,90.5,5263.0
402475,2020-07-30 20:49:44,70.8,355.8,-42.70001,3.97,3.938,43,41,30.14,90.61,5273.0
402476,2020-07-30 20:49:54,71.2,355.8,-42.70001,3.971,3.939,43,41,30.18,90.73,5283.0
402477,2020-07-30 20:50:04,71.2,356.0,-42.60001,3.972,3.94,43,41,30.22,90.85,5293.0
402478,2020-07-30 20:50:14,71.2,356.1,-42.60001,3.973,3.941,43,41,30.25,90.97,5303.0
402479,2020-07-30 20:50:24,71.2,356.1,-42.70001,3.974,3.942,43,41,30.3,91.09,5313.0
402480,2020-07-30 20:50:34,71.6,356.3,-42.70001,3.975,3.942,43,41,30.34,91.21,5323.0
402481,2020-07-30 20:50:44,71.6,356.3,-42.70001,3.976,3.943,43,41,30.38,91.32,5333.0
402482,2020-07-30 20:50:54,71.6,356.4,-42.70001,3.977,3.945,43,41,30.42,91.45,5343.0
402483,2020-07-30 20:51:04,71.6,356.4,-42.70001,3.978,3.946,43,41,30.46,91.57,5353.0
402484,2020-07-30 20:51:14,72.0,356.4,-42.60001,3.979,3.946,43,41,30.5,91.68,5363.0
402485,2020-07-30 20:51:24,72.0,356.6,-42.5,3.98,3.948,43,41,30.53,91.81,5373.0
402486,2020-07-30 20:51:34,72.0,356.8,-42.5,3.98,3.947,43,41,30.58,91.93,5383.0
402487,2020-07-30 20:51:44,72.0,356.6,-42.5,3.981,3.948,43,41,30.61,92.04,5393.0
402488,2020-07-30 20:51:54,72.4,356.9,-42.5,3.981,3.95,43,41,30.66,92.17,5403.0
402489,2020-07-30 20:52:04,72.4,356.9,-42.5,3.982,3.951,43,41,30.7,92.29,5413.0
402490,2020-07-30 20:52:14,72.4,356.9,-42.5,3.984,3.952,43,41,30.74,92.41,5423.0
402491,2020-07-30 20:52:24,72.4,357.1,-42.5,3.984,3.953,43,41,30.78,92.52,5433.0
402492,2020-07-30 20:52:34,72.4,357.2,-42.5,3.985,3.953,43,41,30.82,92.63,5443.0
402493,2020-07-30 20:52:44,72.8,357.2,-42.5,3.986,3.954,43,41,30.85,92.75999,5453.0
402494,2020-07-30 20:52:54,72.8,357.2,-42.5,3.987,3.954,43,41,30.89,92.88,5463.0
402495,2020-07-30 20:53:04,72.8,357.4,-42.5,3.988,3.957,43,41,30.93,92.99,5473.0
402496,2020-07-30 20:53:14,72.8,357.4,-42.5,3.989,3.956,43,41,30.97,93.12,5483.0
402497,2020-07-30 20:53:24,73.2,357.5,-42.5,3.989,3.958,43,41,31.01,93.22,5493.0
402498,2020-07-30 20:53:34,73.2,357.5,-42.5,3.991,3.958,43,41,31.05,93.36,5503.0
402499,2020-07-30 20:53:44,73.2,357.7,-42.5,3.99,3.958,43,41,31.1,93.48,5513.0
402500,2020-07-30 20:53:54,73.2,357.7,-42.5,3.992,3.961,43,41,31.13,93.57999,5523.0
402501,2020-07-30 20:54:04,73.6,357.8,-42.30002,3.993,3.961,43,41,31.17,93.71,5533.0
402502,2020-07-30 20:54:14,73.6,357.8,-42.30002,3.994,3.962,43,41,31.2,93.81,5543.0
402503,2020-07-30 20:54:24,73.6,358.0,-42.39999,3.994,3.963,43,41,31.25,93.93999,5553.0
402504,2020-07-30 20:54:34,73.6,358.0,-42.30002,3.995,3.964,43,41,31.29,94.07,5563.0
402505,2020-07-30 20:54:44,73.6,358.2,-42.39999,3.997,3.964,43,41,31.33,94.17,5573.0
402506,2020-07-30 20:54:54,74.0,358.3,-42.30002,3.997,3.966,43,41,31.37,94.3,5583.0
402507,2020-07-30 20:55:04,74.0,358.3,-42.30002,3.998,3.967,43,41,31.41,94.42,5593.0
402508,2020-07-30 20:55:14,74.0,358.3,-42.30002,3.999,3.968,43,41,31.45,94.55,5603.0
402509,2020-07-30 20:55:24,74.0,358.5,-42.30002,4.0,3.968,43,41,31.48,94.65,5613.0
402510,2020-07-30 20:55:34,74.4,358.6,-42.30002,4.001,3.969,43,41,31.52,94.77,5623.0
402511,2020-07-30 20:55:44,74.4,358.6,-42.30002,4.002,3.97,43,41,31.56,94.89,5633.0
402512,2020-07-30 20:55:54,74.4,358.8,-42.30002,4.002,3.97,43,41,31.6,95.0,5643.0
402513,2020-07-30 20:56:04,74.4,358.9,-42.39999,4.004,3.971,43,41,31.64,95.12,5653.0
402514,2020-07-30 20:56:14,74.8,358.8,-42.30002,4.004,3.972,43,41,31.68,95.24,5663.0
402515,2020-07-30 20:56:24,74.8,358.9,-42.39999,4.005,3.973,43,41,31.72,95.36,5673.0
402516,2020-07-30 20:56:34,74.8,359.1,-42.30002,4.006,3.974,43,41,31.76,95.48,5683.0
402517,2020-07-30 20:56:44,74.8,359.1,-42.20001,4.008,3.975,43,41,31.8,95.61,5693.0
402518,2020-07-30 20:56:54,74.8,359.3,-42.20001,4.008,3.976,43,41,31.84,95.73,5703.0
402519,2020-07-30 20:57:04,75.2,359.3,-42.20001,4.009,3.977,43,41,31.88,95.84,5713.0
402520,2020-07-30 20:57:15,75.2,359.4,-42.20001,4.01,3.977,43,41,31.91,95.95,5724.0
402521,2020-07-30 20:57:25,75.2,359.4,-42.20001,4.011,3.978,43,41,31.96,96.07999,5734.0
402522,2020-07-30 20:57:35,75.2,359.6,-42.20001,4.011,3.98,43,41,31.99,96.18999,5744.0
402523,2020-07-30 20:57:45,75.6,359.6,-42.20001,4.013,3.98,43,41,32.04,96.31,5754.0
402524,2020-07-30 20:57:55,75.6,359.7,-42.20001,4.013,3.981,43,41,32.07,96.42,5764.0
402525,2020-07-30 20:58:05,75.6,359.7,-42.20001,4.014,3.981,43,41,32.12,96.54,5774.0
402526,2020-07-30 20:58:15,75.6,359.9,-42.20001,4.015,3.983,43,41,32.15,96.67,5784.0
402527,2020-07-30 20:58:25,76.0,359.9,-42.20001,4.016,3.984,43,41,32.2,96.79,5794.0
402528,2020-07-30 20:58:35,76.0,360.0,-42.20001,4.017,3.984,43,41,32.23,96.9,5804.0
402529,2020-07-30 20:58:45,76.0,360.0,-42.20001,4.018,3.985,43,41,32.27,97.00999,5814.0
402530,2020-07-30 20:58:55,76.0,360.2,-42.20001,4.018,3.986,43,41,32.3,97.12,5824.0
402531,2020-07-30 20:59:05,76.0,360.2,-42.20001,4.02,3.987,43,41,32.35,97.24,5834.0
402532,2020-07-30 20:59:15,76.4,360.3,-42.0,4.02,3.988,43,41,32.38,97.35,5844.0
402533,2020-07-30 20:59:25,76.4,360.3,-42.10001,4.022,3.989,43,41,32.43,97.48,5854.0
402534,2020-07-30 20:59:35,76.4,360.5,-42.0,4.022,3.99,43,41,32.47,97.6,5864.0
402535,2020-07-30 20:59:45,76.4,360.5,-42.0,4.022,3.99,43,41,32.5,97.73,5874.0
402536,2020-07-30 20:59:55,76.8,360.7,-42.0,4.025,3.991,43,41,32.54,97.84,5884.0
402537,2020-07-30 21:00:05,76.8,360.8,-42.0,4.025,3.992,43,41,32.58,97.96,5894.0
402538,2020-07-30 21:00:15,76.8,360.8,-42.0,4.026,3.994,43,41,32.62,98.07,5904.0
402539,2020-07-30 21:00:25,76.8,360.8,-42.0,4.026,3.994,43,41,32.66,98.18,5914.0
402540,2020-07-30 21:00:35,77.2,360.8,-42.0,4.027,3.994,43,41,32.69,98.29,5924.0
402541,2020-07-30 21:00:45,77.2,361.0,-42.0,4.028,3.996,43,41,32.73,98.41,5934.0
402542,2020-07-30 21:00:55,77.2,361.1,-42.0,4.029,3.997,43,41,32.77,98.52,5944.0
402543,2020-07-30 21:01:05,77.2,361.1,-42.0,4.03,3.997,43,41,32.82,98.67,5954.0
402544,2020-07-30 21:01:15,77.2,361.3,-42.0,4.032,3.998,43,41,32.86,98.77,5964.0
402545,2020-07-30 21:01:25,77.6,361.3,-42.0,4.032,3.999,43,41,32.89,98.88,5974.0
402546,2020-07-30 21:01:35,77.6,361.4,-42.0,4.033,4.0,43,41,32.94,99.0,5984.0
402547,2020-07-30 21:01:45,77.6,361.6,-42.0,4.034,4.0,43,41,32.97,99.11,5994.0
402548,2020-07-30 21:01:55,77.6,361.6,-42.0,4.035,4.002,43,41,33.01,99.23,6004.0
402549,2020-07-30 21:02:05,78.0,361.8,-42.0,4.035,4.003,43,41,33.04,99.35,6014.0
402550,2020-07-30 21:02:15,78.0,361.8,-41.89999,4.036,4.003,43,41,33.08,99.46,6024.0
402551,2020-07-30 21:02:25,78.0,361.9,-41.89999,4.037,4.005,43,41,33.12,99.56,6034.0
402552,2020-07-30 21:02:35,78.0,362.1,-41.89999,4.038,4.006,43,41,33.17,99.71,6044.0
402553,2020-07-30 21:02:45,78.4,361.9,-41.89999,4.039,4.006,43,41,33.2,99.82,6054.0
402554,2020-07-30 21:02:55,78.4,362.2,-41.89999,4.04,4.008,43,41,33.24,99.93999,6064.0
402555,2020-07-30 21:03:05,78.4,362.2,-41.89999,4.042,4.008,43,41,33.28,100.05,6074.0
402556,2020-07-30 21:03:15,78.4,362.2,-41.89999,4.041,4.009,43,41,33.32,100.16,6084.0
402557,2020-07-30 21:03:25,78.4,362.4,-41.89999,4.043,4.01,43,41,33.35,100.27,6094.0
402558,2020-07-30 21:03:35,78.8,362.4,-41.89999,4.044,4.011,43,41,33.4,100.39,6104.0
402559,2020-07-30 21:03:45,78.8,362.5,-41.89999,4.044,4.011,43,41,33.43,100.5,6114.0
402560,2020-07-30 21:03:55,78.8,362.5,-42.0,4.045,4.012,43,41,33.47,100.63,6124.0
402561,2020-07-30 21:04:05,78.8,362.7,-41.89999,4.046,4.013,43,41,33.51,100.75,6134.0
402562,2020-07-30 21:04:15,79.2,362.7,-41.89999,4.047,4.015,43,41,33.55,100.86,6144.0
402563,2020-07-30 21:04:25,79.2,362.8,-41.89999,4.048,4.015,43,41,33.58,100.97,6154.0
402564,2020-07-30 21:04:35,79.2,362.8,-41.89999,4.049,4.016,43,41,33.63,101.09,6164.0
402565,2020-07-30 21:04:45,79.2,363.0,-41.89999,4.05,4.017,43,41,33.67,101.22,6174.0
402566,2020-07-30 21:04:55,79.2,363.0,-41.89999,4.051,4.018,43,41,33.7,101.31,6184.0
402567,2020-07-30 21:05:05,79.6,363.2,-41.80002,4.051,4.018,43,41,33.73,101.42,6194.0
402568,2020-07-30 21:05:15,79.6,363.2,-41.80002,4.053,4.019,43,41,33.78,101.55,6204.0
402569,2020-07-30 21:05:25,79.6,363.3,-41.80002,4.053,4.02,43,41,33.81,101.66,6214.0
402570,2020-07-30 21:05:35,79.6,363.3,-41.70001,4.055,4.022,43,41,33.86,101.78,6224.0
402571,2020-07-30 21:05:45,80.0,363.5,-41.80002,4.056,4.022,43,41,33.9,101.91,6234.0
402572,2020-07-30 21:05:55,80.0,363.6,-41.70001,4.056,4.023,43,41,33.93,102.01,6244.0
402573,2020-07-30 21:06:05,80.0,363.6,-41.70001,4.056,4.025,43,41,33.98,102.14,6254.0
402574,2020-07-30 21:06:15,80.0,363.8,-41.80002,4.058,4.025,43,41,34.01,102.24,6264.0
402575,2020-07-30 21:06:25,80.0,363.8,-41.70001,4.059,4.026,43,41,34.05,102.35,6274.0
402576,2020-07-30 21:06:35,80.4,363.9,-41.80002,4.059,4.026,43,41,34.09,102.47,6284.0
402577,2020-07-30 21:06:45,80.4,363.9,-41.80002,4.061,4.027,43,41,34.12,102.59,6294.0
402578,2020-07-30 21:06:55,80.4,364.1,-41.70001,4.062,4.029,43,41,34.16,102.7,6304.0
402579,2020-07-30 21:07:05,80.4,364.1,-41.70001,4.062,4.03,43,41,34.2,102.82,6314.0
402580,2020-07-30 21:07:15,80.8,364.3,-41.80002,4.064,4.03,43,41,34.24,102.95,6324.0
402581,2020-07-30 21:07:25,80.8,364.3,-41.80002,4.065,4.032,43,41,34.28,103.06,6334.0
402582,2020-07-30 21:07:35,80.8,364.4,-41.60001,4.065,4.032,43,41,34.32,103.16,6344.0
402583,2020-07-30 21:07:45,80.8,364.4,-41.60001,4.066,4.032,43,41,34.36,103.29,6354.0
402584,2020-07-30 21:07:55,81.2,364.6,-41.60001,4.067,4.035,43,41,34.39,103.4,6364.0
402585,2020-07-30 21:08:05,81.2,364.7,-41.60001,4.068,4.035,43,41,34.43,103.51,6374.0
402586,2020-07-30 21:08:15,81.2,364.6,-41.60001,4.068,4.036,43,41,34.47,103.62,6384.0
402587,2020-07-30 21:08:25,81.2,364.7,-41.60001,4.07,4.036,43,41,34.51,103.74,6394.0
402588,2020-07-30 21:08:35,81.2,364.9,-41.60001,4.07,4.038,43,41,34.55,103.87,6404.0
402589,2020-07-30 21:08:45,81.6,364.9,-41.60001,4.071,4.039,43,41,34.59,103.98,6414.0
402590,2020-07-30 21:08:55,81.6,365.0,-41.60001,4.072,4.04,43,41,34.62,104.08,6424.0
402591,2020-07-30 21:09:05,81.6,365.2,-41.60001,4.074,4.04,43,41,34.66,104.21,6434.0
402592,2020-07-30 21:09:15,81.6,365.2,-41.60001,4.075,4.042,43,41,34.7,104.32,6444.0
402593,2020-07-30 21:09:25,82.0,365.3,-41.60001,4.076,4.041,43,41,34.74,104.44,6454.0
402594,2020-07-30 21:09:35,82.0,365.3,-41.60001,4.076,4.042,43,41,34.78,104.54,6464.0
402595,2020-07-30 21:09:45,82.0,365.5,-41.60001,4.077,4.044,43,41,34.81,104.66,6474.0
402596,2020-07-30 21:09:55,82.0,365.7,-41.5,4.079,4.045,43,41,34.85,104.77,6484.0
402597,2020-07-30 21:10:05,82.0,365.7,-41.5,4.078,4.046,43,41,34.89,104.9,6494.0
402598,2020-07-30 21:10:15,82.4,365.7,-41.5,4.08,4.046,43,41,34.93,105.0,6504.0
402599,2020-07-30 21:10:25,82.4,365.7,-41.5,4.081,4.047,43,41,34.97,105.13,6514.0
402600,2020-07-30 21:10:35,82.4,365.8,-41.5,4.082,4.048,43,41,35.01,105.23,6524.0
402601,2020-07-30 21:10:45,82.4,366.0,-41.5,4.083,4.049,43,41,35.04,105.35,6534.0
402602,2020-07-30 21:10:55,82.8,366.0,-41.5,4.084,4.051,43,41,35.08,105.47,6544.0
402603,2020-07-30 21:11:05,82.8,366.1,-41.5,4.084,4.051,43,41,35.12,105.58,6554.0
402604,2020-07-30 21:11:15,82.8,366.1,-41.5,4.085,4.052,43,41,35.16,105.69,6564.0
402605,2020-07-30 21:11:25,82.8,366.3,-41.5,4.087,4.053,43,41,35.19,105.8,6574.0
402606,2020-07-30 21:11:35,82.8,366.4,-41.5,4.088,4.054,43,41,35.24,105.92,6584.0
402607,2020-07-30 21:11:45,83.2,366.4,-41.39999,4.088,4.055,43,41,35.27,106.03,6594.0
402608,2020-07-30 21:11:55,83.2,366.6,-41.5,4.09,4.056,43,41,35.31,106.15,6604.0
402609,2020-07-30 21:12:05,83.2,366.6,-41.5,4.09,4.057,43,41,35.35,106.27,6614.0
402610,2020-07-30 21:12:15,83.2,366.8,-41.5,4.091,4.057,43,41,35.39,106.39,6624.0
402611,2020-07-30 21:12:25,83.6,366.8,-41.30002,4.092,4.058,43,41,35.42,106.5,6634.0
402612,2020-07-30 21:12:35,83.6,366.9,-41.30002,4.093,4.059,43,41,35.46,106.61,6644.0
402613,2020-07-30 21:12:45,83.6,366.9,-41.30002,4.094,4.06,43,41,35.5,106.72,6654.0
402614,2020-07-30 21:12:55,83.6,367.1,-41.39999,4.095,4.062,43,41,35.54,106.83,6664.0
402615,2020-07-30 21:13:05,83.6,367.1,-41.39999,4.096,4.062,43,41,35.57,106.95,6674.0
402616,2020-07-30 21:13:15,84.0,367.2,-41.39999,4.096,4.063,43,41,35.61,107.06,6684.0
402617,2020-07-30 21:13:25,84.0,367.4,-41.30002,4.097,4.064,43,41,35.65,107.18,6694.0
402618,2020-07-30 21:13:35,84.0,367.4,-41.30002,4.098,4.065,43,41,35.69,107.3,6704.0
402619,2020-07-30 21:13:45,84.0,367.4,-41.30002,4.099,4.065,43,41,35.72,107.41,6714.0
402620,2020-07-30 21:13:55,84.4,367.5,-41.39999,4.1,4.066,43,41,35.76,107.51,6724.0
402621,2020-07-30 21:14:05,84.4,367.7,-41.30002,4.101,4.068,43,41,35.8,107.64,6734.0
402622,2020-07-30 21:14:15,84.4,367.7,-41.30002,4.102,4.069,43,41,35.84,107.75,6744.0
402623,2020-07-30 21:14:25,84.4,367.8,-41.30002,4.103,4.069,43,41,35.87,107.84,6754.0
402624,2020-07-30 21:14:35,84.4,367.8,-41.30002,4.104,4.07,43,41,35.91,107.97,6764.0
402625,2020-07-30 21:14:45,84.8,368.0,-41.30002,4.105,4.071,43,41,35.95,108.09,6774.0
402626,2020-07-30 21:14:55,84.8,368.0,-41.30002,4.105,4.072,43,41,35.99,108.2,6784.0
402627,2020-07-30 21:15:05,84.8,368.0,-41.30002,4.107,4.073,43,41,36.03,108.31,6794.0
402628,2020-07-30 21:15:15,84.8,368.2,-41.30002,4.108,4.074,43,41,36.07,108.43,6804.0
402629,2020-07-30 21:15:25,85.2,368.3,-41.10001,4.109,4.075,43,41,36.11,108.54,6814.0
402630,2020-07-30 21:15:35,85.2,368.3,-41.20001,4.109,4.076,43,41,36.14,108.65,6824.0
402631,2020-07-30 21:15:45,85.2,368.5,-41.20001,4.11,4.077,43,41,36.18,108.76,6834.0
402632,2020-07-30 21:15:55,85.2,368.5,-41.20001,4.111,4.077,43,41,36.21,108.87,6844.0
402633,2020-07-30 21:16:05,85.2,368.6,-41.20001,4.112,4.079,43,41,36.26,108.99,6854.0
402634,2020-07-30 21:16:15,85.6,368.6,-41.20001,4.112,4.079,43,41,36.29,109.1,6864.0
402635,2020-07-30 21:16:25,85.6,368.8,-41.20001,4.114,4.08,43,41,36.33,109.21,6874.0
402636,2020-07-30 21:16:35,85.6,368.8,-41.20001,4.114,4.081,43,41,36.36,109.32,6884.0
402637,2020-07-30 21:16:45,85.6,368.9,-41.20001,4.116,4.082,43,41,36.41,109.45,6894.0
402638,2020-07-30 21:16:55,86.0,368.9,-41.20001,4.116,4.083,43,41,36.44,109.55,6904.0
402639,2020-07-30 21:17:05,86.0,369.1,-41.20001,4.118,4.084,43,41,36.48,109.66,6914.0
402640,2020-07-30 21:17:15,86.0,369.3,-41.20001,4.118,4.086,43,41,36.51,109.77,6924.0
402641,2020-07-30 21:17:25,86.0,369.3,-41.20001,4.12,4.086,43,41,36.56,109.9,6934.0
402642,2020-07-30 21:17:35,86.0,369.3,-41.20001,4.12,4.087,43,41,36.59,110.01,6944.0
402643,2020-07-30 21:17:45,86.4,369.4,-41.20001,4.12,4.088,43,41,36.63,110.11,6954.0
402644,2020-07-30 21:17:55,86.4,369.6,-41.20001,4.122,4.088,43,41,36.67,110.24,6964.0
402645,2020-07-30 21:18:05,86.4,369.6,-41.0,4.123,4.09,43,41,36.71,110.35,6974.0
402646,2020-07-30 21:18:15,86.4,369.7,-41.10001,4.124,4.09,43,41,36.74,110.46,6984.0
402647,2020-07-30 21:18:25,86.8,369.7,-41.0,4.124,4.092,43,41,36.78,110.57,6994.0
402648,2020-07-30 21:18:35,86.8,369.9,-41.10001,4.126,4.092,43,41,36.82,110.68,7004.0
402649,2020-07-30 21:18:45,86.8,369.9,-41.10001,4.127,4.094,43,41,36.86,110.8,7014.0
402650,2020-07-30 21:18:55,86.8,370.0,-41.0,4.128,4.094,43,41,36.9,110.91,7024.0
402651,2020-07-30 21:19:05,86.8,370.0,-41.10001,4.128,4.095,43,41,36.93,111.02,7034.0
402652,2020-07-30 21:19:15,87.2,370.2,-41.10001,4.13,4.096,43,41,36.97,111.13,7044.0
402653,2020-07-30 21:19:25,87.2,370.2,-41.0,4.13,4.097,43,41,37.0,111.24,7054.0
402654,2020-07-30 21:19:35,87.2,370.4,-41.0,4.131,4.098,43,41,37.04,111.36,7064.0
402655,2020-07-30 21:19:45,87.2,370.5,-41.0,4.132,4.099,43,41,37.08,111.47,7074.0
402656,2020-07-30 21:19:55,87.6,370.5,-41.10001,4.133,4.1,43,41,37.12,111.58,7084.0
402657,2020-07-30 21:20:05,87.6,370.5,-41.10001,4.134,4.101,43,41,37.15,111.69,7094.0
402658,2020-07-30 21:20:15,87.6,370.7,-41.0,4.135,4.102,43,41,37.19,111.8,7104.0
402659,2020-07-30 21:20:25,87.6,370.8,-40.89999,4.136,4.102,43,41,37.23,111.93,7114.0
402660,2020-07-30 21:20:35,87.6,370.8,-40.89999,4.138,4.104,43,41,37.26,112.03,7124.0
402661,2020-07-30 21:20:45,88.0,371.0,-40.89999,4.137,4.105,43,41,37.31,112.14,7134.0
402662,2020-07-30 21:20:55,88.0,371.0,-40.89999,4.139,4.105,43,41,37.34,112.25,7144.0
402663,2020-07-30 21:21:05,88.0,371.1,-40.89999,4.139,4.107,43,41,37.38,112.36,7154.0
402664,2020-07-30 21:21:15,88.0,371.1,-40.89999,4.141,4.107,43,41,37.41,112.49,7164.0
402665,2020-07-30 21:21:25,88.4,371.3,-40.89999,4.141,4.108,43,41,37.45,112.59,7174.0
402666,2020-07-30 21:21:35,88.4,371.3,-40.89999,4.143,4.11,43,41,37.49,112.7,7184.0
402667,2020-07-30 21:21:45,88.4,371.4,-40.89999,4.143,4.11,43,41,37.53,112.81,7194.0
402668,2020-07-30 21:21:55,88.4,371.4,-40.89999,4.144,4.111,43,41,37.56,112.92,7204.0
402669,2020-07-30 21:22:05,88.4,371.6,-40.89999,4.145,4.112,43,41,37.6,113.05,7214.0
402670,2020-07-30 21:22:15,88.8,371.8,-40.89999,4.145,4.113,43,41,37.64,113.16,7224.0
402671,2020-07-30 21:22:25,88.8,371.8,-40.89999,4.147,4.114,43,41,37.67,113.26,7234.0
402672,2020-07-30 21:22:35,88.8,371.8,-40.89999,4.148,4.114,43,41,37.71,113.37,7244.0
402673,2020-07-30 21:22:45,88.8,371.9,-40.89999,4.148,4.116,43,41,37.75,113.48,7254.0
402674,2020-07-30 21:22:55,89.2,372.1,-40.80002,4.15,4.116,43,41,37.79,113.61,7264.0
402675,2020-07-30 21:23:05,89.2,372.1,-40.80002,4.15,4.118,43,41,37.82,113.72,7274.0
402676,2020-07-30 21:23:15,89.2,372.1,-40.80002,4.151,4.118,43,41,37.86,113.82,7284.0
402677,2020-07-30 21:23:25,89.2,372.2,-40.80002,4.151,4.118,43,41,37.89,113.93,7294.0
402678,2020-07-30 21:23:35,89.2,372.2,-40.80002,4.153,4.12,43,41,37.94,114.06,7304.0
402679,2020-07-30 21:23:45,89.6,372.4,-40.80002,4.154,4.12,43,41,37.97,114.15,7314.0
402680,2020-07-30 21:23:55,89.6,372.4,-40.80002,4.154,4.122,43,41,38.01,114.28,7324.0
402681,2020-07-30 21:24:05,89.6,372.5,-40.80002,4.156,4.123,43,41,38.05,114.38,7334.0
402682,2020-07-30 21:24:15,89.6,372.7,-40.80002,4.157,4.123,43,41,38.08,114.49,7344.0
402683,2020-07-30 21:24:25,89.6,372.7,-40.80002,4.157,4.124,43,41,38.12,114.6,7354.0
402684,2020-07-30 21:24:35,90.0,372.9,-40.80002,4.159,4.126,43,41,38.16,114.71,7364.0
402685,2020-07-30 21:24:45,90.0,372.9,-40.80002,4.159,4.126,43,41,38.2,114.84,7374.0
402686,2020-07-30 21:24:55,90.0,373.0,-40.80002,4.16,4.127,43,41,38.23,114.94,7384.0
402687,2020-07-30 21:25:05,90.0,373.0,-40.80002,4.16,4.128,43,41,38.27,115.05,7394.0
402688,2020-07-30 21:25:15,90.4,373.2,-40.80002,4.162,4.129,43,41,38.31,115.18,7404.0
402689,2020-07-30 21:25:25,90.4,373.2,-40.80002,4.163,4.13,43,41,38.34,115.28,7414.0
402690,2020-07-30 21:25:35,90.4,373.3,-40.80002,4.164,4.131,43,41,38.38,115.38,7424.0
402691,2020-07-30 21:25:45,90.4,373.3,-40.70001,4.165,4.132,43,41,38.42,115.49,7434.0
402692,2020-07-30 21:25:55,90.4,373.5,-40.60001,4.166,4.133,43,41,38.46,115.61,7444.0
402693,2020-07-30 21:26:05,90.8,373.5,-40.70001,4.167,4.134,43,41,38.49,115.73,7454.0
402694,2020-07-30 21:26:15,90.8,373.6,-40.60001,4.167,4.135,43,41,38.53,115.84,7464.0
402695,2020-07-30 21:26:25,90.8,373.6,-40.60001,4.168,4.135,43,41,38.56,115.94,7474.0
402696,2020-07-30 21:26:35,90.8,373.6,-40.70001,4.17,4.136,43,41,38.61,116.07,7484.0
402697,2020-07-30 21:26:45,91.2,373.8,-40.70001,4.17,4.138,43,41,38.64,116.17,7494.0
402698,2020-07-30 21:26:55,91.2,373.9,-40.70001,4.171,4.138,43,41,38.68,116.27,7504.0
402699,2020-07-30 21:27:05,91.2,373.9,-40.60001,4.172,4.139,43,41,38.71,116.38,7514.0
402700,2020-07-30 21:27:15,91.2,374.1,-40.60001,4.174,4.14,43,41,38.75,116.49,7524.0
402701,2020-07-30 21:27:25,91.2,374.1,-40.60001,4.174,4.141,43,41,38.79,116.61,7534.0
402702,2020-07-30 21:27:35,91.6,374.3,-40.70001,4.175,4.143,43,41,38.83,116.72,7544.0
402703,2020-07-30 21:27:46,91.6,374.4,-40.60001,4.175,4.143,43,41,38.87,116.83,7555.0
402704,2020-07-30 21:27:56,91.6,374.4,-40.60001,4.176,4.144,43,41,38.9,116.94,7565.0
402705,2020-07-30 21:28:06,91.6,374.4,-40.70001,4.178,4.145,43,41,38.94,117.07,7575.0
402706,2020-07-30 21:28:16,91.6,374.6,-40.60001,4.178,4.146,43,41,38.97,117.17,7585.0
402707,2020-07-30 21:28:26,92.0,374.6,-40.5,4.179,4.146,43,41,39.01,117.27,7595.0
402708,2020-07-30 21:28:36,92.0,374.7,-40.5,4.18,4.148,43,41,39.04,117.37,7605.0
402709,2020-07-30 21:28:46,92.0,374.7,-40.5,4.181,4.148,43,41,39.08,117.48,7615.0
402710,2020-07-30 21:28:56,92.0,374.9,-40.5,4.181,4.149,43,41,39.12,117.61,7625.0
402711,2020-07-30 21:29:06,92.4,374.9,-40.5,4.183,4.149,43,41,39.16,117.72,7635.0
402712,2020-07-30 21:29:16,92.4,375.0,-40.5,4.184,4.151,43,41,39.2,117.83,7645.0
402713,2020-07-30 21:29:26,92.4,375.2,-40.5,4.184,4.152,43,41,39.23,117.93,7655.0
402714,2020-07-30 21:29:36,92.4,375.2,-40.5,4.185,4.152,43,41,39.27,118.06,7665.0
402715,2020-07-30 21:29:46,92.4,375.2,-40.60001,4.186,4.153,43,41,39.31,118.17,7675.0
402716,2020-07-30 21:29:56,92.8,375.4,-40.5,4.187,4.154,43,41,39.34,118.27,7685.0
402717,2020-07-30 21:30:06,92.8,375.5,-40.5,4.188,4.155,43,41,39.38,118.37,7695.0
402718,2020-07-30 21:30:16,92.8,375.5,-40.5,4.188,4.156,43,41,39.41,118.48,7705.0
402719,2020-07-30 21:30:26,92.8,375.7,-40.5,4.189,4.156,43,41,39.45,118.61,7715.0
402720,2020-07-30 21:30:36,93.2,375.7,-40.5,4.192,4.157,43,41,39.49,118.72,7725.0
402721,2020-07-30 21:30:46,93.2,375.8,-40.5,4.192,4.158,43,41,39.53,118.83,7735.0
402722,2020-07-30 21:30:56,93.2,375.8,-40.39999,4.193,4.16,43,41,39.56,118.93,7745.0
402723,2020-07-30 21:31:06,93.2,376.0,-40.39999,4.193,4.161,43,41,39.61,119.06,7755.0
402724,2020-07-30 21:31:16,93.2,376.1,-40.39999,4.194,4.161,43,41,39.64,119.17,7765.0
402725,2020-07-30 21:31:26,93.6,376.1,-40.39999,4.196,4.163,43,41,39.67,119.26,7775.0
402726,2020-07-30 21:31:36,93.6,376.1,-40.30002,4.196,4.163,43,41,39.71,119.37,7785.0
402727,2020-07-30 21:31:46,93.6,376.3,-40.39999,4.197,4.164,43,41,39.74,119.48,7795.0
402728,2020-07-30 21:31:56,93.6,376.3,-40.39999,4.197,4.164,43,41,39.78,119.59,7805.0
402729,2020-07-30 21:32:06,93.6,376.4,-40.30002,4.199,4.166,43,41,39.81,119.7,7815.0
402730,2020-07-30 21:32:16,94.0,376.4,-40.39999,4.199,4.167,43,41,39.85,119.81,7825.0
402731,2020-07-30 21:32:26,94.0,376.6,-40.39999,4.2,4.167,43,41,39.89,119.92,7835.0
402732,2020-07-30 21:32:36,94.0,376.6,-40.39999,4.201,4.168,43,41,39.93,120.04,7845.0
402733,2020-07-30 21:32:46,94.0,376.8,-40.39999,4.202,4.169,43,41,39.96,120.15,7855.0
402734,2020-07-30 21:32:56,94.4,376.8,-40.39999,4.203,4.17,43,41,40.0,120.26,7865.0
402735,2020-07-30 21:33:06,94.4,376.8,-40.39999,4.205,4.171,43,41,40.04,120.35,7875.0
402736,2020-07-30 21:33:16,94.4,377.1,-40.39999,4.205,4.172,43,41,40.07,120.48,7885.0
402737,2020-07-30 21:33:26,94.4,377.1,-40.30002,4.206,4.173,43,41,40.11,120.59,7895.0
402738,2020-07-30 21:33:36,94.4,377.1,-40.20001,4.206,4.174,43,41,40.14,120.69,7905.0
402739,2020-07-30 21:33:46,94.8,377.2,-40.20001,4.207,4.175,43,41,40.19,120.8,7915.0
402740,2020-07-30 21:33:56,94.8,377.4,-40.20001,4.208,4.175,43,41,40.22,120.91,7925.0
402741,2020-07-30 21:34:06,94.8,377.4,-40.30002,4.21,4.176,43,41,40.26,121.04,7935.0
402742,2020-07-30 21:34:16,94.8,377.5,-40.20001,4.21,4.177,43,41,40.3,121.15,7945.0
402743,2020-07-30 21:34:26,94.8,377.5,-40.20001,4.211,4.179,43,41,40.33,121.24,7955.0
402744,2020-07-30 21:34:36,95.2,377.5,-40.20001,4.212,4.179,43,41,40.37,121.35,7965.0
402745,2020-07-30 21:34:46,95.2,377.7,-40.20001,4.213,4.18,43,41,40.4,121.46,7975.0
402746,2020-07-30 21:34:56,95.2,377.9,-40.20001,4.213,4.181,43,41,40.44,121.56,7985.0
402747,2020-07-30 21:35:06,95.2,377.9,-40.20001,4.214,4.182,43,41,40.48,121.68,7995.0
402748,2020-07-30 21:35:16,95.6,378.0,-40.20001,4.214,4.182,43,41,40.51,121.79,8005.0
402749,2020-07-30 21:35:26,95.6,378.0,-40.20001,4.215,4.184,43,41,40.55,121.91,8015.0
402750,2020-07-30 21:35:36,95.6,378.0,-40.20001,4.217,4.185,43,41,40.59,122.02,8025.0
402751,2020-07-30 21:35:46,95.6,378.2,-40.20001,4.219,4.185,43,41,40.63,122.13,8035.0
402752,2020-07-30 21:35:56,95.6,378.2,-40.20001,4.219,4.187,43,41,40.66,122.24,8045.0
402753,2020-07-30 21:36:06,96.0,378.3,-40.20001,4.22,4.187,43,41,40.69,122.33,8055.0
402754,2020-07-30 21:36:16,96.0,378.3,-40.20001,4.22,4.187,43,41,40.73,122.44,8065.0
402755,2020-07-30 21:36:26,96.0,378.5,-40.20001,4.222,4.189,43,41,40.76,122.55,8075.0
402756,2020-07-30 21:36:36,96.0,378.5,-40.10001,4.221,4.19,43,41,40.8,122.66,8085.0
402757,2020-07-30 21:36:46,96.0,378.6,-40.10001,4.223,4.191,43,41,40.83,122.76,8095.0
402758,2020-07-30 21:36:56,96.4,378.6,-40.10001,4.224,4.192,43,41,40.87,122.88,8105.0
402759,2020-07-30 21:37:06,96.4,378.8,-40.10001,4.224,4.193,43,41,40.91,123.0,8115.0
402760,2020-07-30 21:37:16,96.4,378.8,-40.10001,4.225,4.193,43,41,40.95,123.11,8125.0
402761,2020-07-30 21:37:26,96.4,378.9,-40.10001,4.227,4.195,43,41,40.99,123.22,8135.0
402762,2020-07-30 21:37:36,96.8,378.9,-40.10001,4.227,4.195,43,41,41.02,123.31,8145.0
402763,2020-07-30 21:37:46,96.8,379.1,-40.10001,4.228,4.196,43,41,41.06,123.42,8155.0
402764,2020-07-30 21:37:56,96.8,379.3,-40.10001,4.229,4.196,43,41,41.09,123.53,8165.0
402765,2020-07-30 21:38:06,96.8,379.3,-40.10001,4.23,4.198,43,41,41.13,123.64,8175.0
402766,2020-07-30 21:38:16,96.8,379.3,-40.10001,4.231,4.199,43,41,41.17,123.75,8185.0
402767,2020-07-30 21:38:26,97.2,379.4,-40.10001,4.232,4.199,43,41,41.2,123.86,8195.0
402768,2020-07-30 21:38:36,97.2,379.6,-40.10001,4.232,4.2,43,41,41.24,123.99,8205.0
402769,2020-07-30 21:38:46,97.2,379.6,-40.10001,4.233,4.201,43,41,41.28,124.09,8215.0
402770,2020-07-30 21:38:56,97.2,379.7,-40.10001,4.234,4.202,43,41,41.32,124.2,8225.0
402771,2020-07-30 21:39:06,97.2,379.7,-40.10001,4.235,4.203,43,41,41.35,124.31,8235.0
402772,2020-07-30 21:39:16,97.6,379.9,-40.0,4.235,4.204,43,41,41.38,124.4,8245.0
402773,2020-07-30 21:39:26,97.6,379.9,-40.0,4.237,4.205,43,41,41.42,124.51,8255.0
402774,2020-07-30 21:39:36,97.6,379.9,-39.89999,4.238,4.206,43,41,41.45,124.62,8265.0
402775,2020-07-30 21:39:46,97.6,380.0,-40.0,4.239,4.206,43,41,41.49,124.73,8275.0
402776,2020-07-30 21:39:56,98.0,380.2,-39.89999,4.239,4.208,43,41,41.52,124.84,8285.0
