number,record_time,soc,pack_voltage,charge_current,max_cell_voltage,min_cell_voltage,max_temperature,min_temperature,available_energy,available_capacity,charging_duration_seconds
680201,2021-06-14 07:28:14,36.8,331.6,-69.89999,3.708,3.684,28,28,16.61,49.97,0.0
680202,2021-06-14 07:28:24,37.2,331.9,-69.80002,3.712,3.686,29,28,16.69,50.21,10.0
680203,2021-06-14 07:28:34,37.2,332.1,-69.80002,3.714,3.689,29,28,16.76,50.42,20.0
680204,2021-06-14 07:28:44,37.2,332.2,-69.89999,3.715,3.69,29,28,16.84,50.64,30.0
680205,2021-06-14 07:28:54,37.6,332.4,-70.10001,3.717,3.692,29,28,16.91,50.85,40.0
680206,2021-06-14 07:29:04,37.6,332.5,-70.10001,3.718,3.693,29,28,16.99,51.1,50.0
680207,2021-06-14 07:29:14,38.0,332.5,-70.10001,3.719,3.695,29,28,17.07,51.33,60.0
680208,2021-06-14 07:29:24,38.0,332.7,-70.0,3.72,3.695,29,28,17.14,51.56,70.0
680209,2021-06-14 07:29:34,38.4,332.8,-69.89999,3.722,3.697,29,28,17.21,51.78,80.0
680210,2021-06-14 07:29:44,38.4,332.8,-70.0,3.723,3.698,29,28,17.29,52.01,90.0
680211,2021-06-14 07:29:54,38.4,333.0,-70.20001,3.724,3.698,29,28,17.37,52.24,100.0
680212,2021-06-14 07:30:04,38.8,333.0,-70.10001,3.726,3.699,29,28,17.44,52.46,110.0
680213,2021-06-14 07:30:14,38.8,333.2,-70.10001,3.726,3.7,29,28,17.51,52.67,120.0
680214,2021-06-14 07:30:24,39.2,333.3,-69.89999,3.727,3.701,29,28,17.58,52.89,130.0
680215,2021-06-14 07:30:34,39.2,333.3,-70.10001,3.727,3.702,29,28,17.67,53.14,140.0
680216,2021-06-14 07:30:44,39.2,333.5,-70.20001,3.729,3.704,29,28,17.75,53.36,150.0
680217,2021-06-14 07:30:54,39.6,333.6,-70.0,3.73,3.704,29,28,17.82,53.6,160.0
680218,2021-06-14 07:31:04,39.6,333.6,-70.10001,3.731,3.705,29,28,17.89,53.81,170.0
680219,2021-06-14 07:31:14,40.0,333.8,-70.0,3.732,3.706,29,28,17.97,54.04,180.0
680220,2021-06-14 07:31:24,40.0,333.8,-70.10001,3.733,3.707,29,28,18.05,54.28,190.0
680221,2021-06-14 07:31:34,40.4,333.9,-70.0,3.733,3.708,29,28,18.12,54.49,200.0
680222,2021-06-14 07:31:44,40.4,334.1,-70.0,3.735,3.709,29,28,18.2,54.72,210.0
680223,2021-06-14 07:31:54,40.4,334.1,-70.0,3.736,3.71,29,28,18.26,54.92,220.0
680224,2021-06-14 07:32:04,40.8,334.1,-70.20001,3.737,3.711,29,28,18.35,55.17,230.0
680225,2021-06-14 07:32:14,40.8,334.2,-70.10001,3.738,3.712,29,28,18.42,55.4,240.0
680226,2021-06-14 07:32:24,41.2,334.4,-70.10001,3.738,3.713,29,28,18.5,55.63,250.0
680227,2021-06-14 07:32:34,41.2,334.4,-70.10001,3.739,3.714,29,28,18.57,55.85,260.0
680228,2021-06-14 07:32:44,41.2,334.6,-70.0,3.741,3.715,29,28,18.64,56.08,270.0
680229,2021-06-14 07:32:54,41.6,334.6,-70.0,3.742,3.716,29,28,18.72,56.31,280.0
680230,2021-06-14 07:33:04,41.6,334.7,-70.10001,3.744,3.717,29,28,18.79,56.53,290.0
680231,2021-06-14 07:33:14,42.0,334.7,-69.80002,3.744,3.718,29,28,18.87,56.75,300.0
680232,2021-06-14 07:33:24,42.0,334.9,-70.0,3.744,3.719,29,28,18.95,56.99,310.0
680233,2021-06-14 07:33:34,42.4,334.9,-69.89999,3.746,3.719,29,28,19.03,57.22,320.0
680234,2021-06-14 07:33:44,42.4,335.0,-69.89999,3.747,3.72,29,29,19.1,57.43,330.0
680235,2021-06-14 07:33:54,42.4,335.2,-69.80002,3.748,3.722,29,29,19.17,57.67,340.0
680236,2021-06-14 07:34:04,42.8,335.2,-69.89999,3.749,3.722,29,29,19.25,57.89,350.0
680237,2021-06-14 07:34:14,42.8,335.3,-70.20001,3.749,3.723,29,29,19.32,58.11,360.0
680238,2021-06-14 07:34:24,43.2,335.3,-70.0,3.751,3.725,29,29,19.4,58.35,370.0
680239,2021-06-14 07:34:34,43.2,335.5,-70.0,3.752,3.725,29,29,19.48,58.57,380.0
680240,2021-06-14 07:34:44,43.6,335.5,-70.10001,3.753,3.726,29,29,19.56,58.81,390.0
680241,2021-06-14 07:34:54,43.6,335.7,-70.0,3.754,3.727,29,29,19.63,59.02,400.0
680242,2021-06-14 07:35:04,43.6,335.8,-70.0,3.755,3.729,29,29,19.71,59.25,410.0
680243,2021-06-14 07:35:14,44.0,335.8,-70.0,3.756,3.729,30,29,19.78,59.49,420.0
680244,2021-06-14 07:35:24,44.0,336.0,-70.10001,3.757,3.729,30,29,19.85,59.7,430.0
680245,2021-06-14 07:35:34,44.4,336.0,-69.89999,3.758,3.731,30,29,19.92,59.93,440.0
680246,2021-06-14 07:35:44,44.4,336.1,-70.0,3.759,3.733,30,29,20.0,60.17,450.0
680247,2021-06-14 07:35:54,44.4,336.1,-70.10001,3.76,3.733,30,29,20.08,60.39,460.0
680248,2021-06-14 07:36:04,44.8,336.3,-69.89999,3.761,3.734,30,29,20.15,60.61,470.0
680249,2021-06-14 07:36:14,44.8,336.4,-69.89999,3.763,3.735,30,29,20.23,60.84,480.0
680250,2021-06-14 07:36:24,45.2,336.4,-70.0,3.764,3.736,30,29,20.31,61.07,490.0
680251,2021-06-14 07:36:34,45.2,336.6,-70.10001,3.765,3.738,30,29,20.39,61.32,500.0
680252,2021-06-14 07:36:44,45.6,336.8,-69.70001,3.765,3.738,30,29,20.46,61.53,510.0
680253,2021-06-14 07:36:54,45.6,336.8,-69.80002,3.767,3.739,30,29,20.53,61.75,520.0
680254,2021-06-14 07:37:04,45.6,336.9,-69.89999,3.769,3.74,30,29,20.61,61.98,530.0
680255,2021-06-14 07:37:14,46.0,336.9,-70.20001,3.769,3.742,30,29,20.69,62.21,540.0
680256,2021-06-14 07:37:24,46.0,337.1,-69.80002,3.769,3.742,30,29,20.76,62.45,550.0
680257,2021-06-14 07:37:34,46.4,337.2,-69.89999,3.772,3.744,30,29,20.84,62.67,560.0
680258,2021-06-14 07:37:44,46.4,337.2,-70.0,3.774,3.746,30,29,20.92,62.91,570.0
680259,2021-06-14 07:37:54,46.8,337.4,-70.20001,3.774,3.746,30,29,21.0,63.16,580.0
680260,2021-06-14 07:38:04,46.8,337.5,-70.0,3.776,3.747,30,29,21.08,63.39,590.0
680261,2021-06-14 07:38:14,46.8,337.5,-70.0,3.776,3.748,30,29,21.14,63.59,600.0
680262,2021-06-14 07:38:24,47.2,337.7,-70.10001,3.777,3.75,30,29,21.23,63.84,610.0
680263,2021-06-14 07:38:34,47.2,337.8,-70.0,3.779,3.751,30,29,21.3,64.05,620.0
680264,2021-06-14 07:38:44,47.6,337.8,-70.10001,3.78,3.751,30,29,21.37,64.27,630.0
680265,2021-06-14 07:38:54,47.6,338.0,-69.80002,3.78,3.753,30,29,21.45,64.51,640.0
680266,2021-06-14 07:39:04,47.6,338.2,-69.89999,3.782,3.755,30,29,21.53,64.75,650.0
680267,2021-06-14 07:39:14,48.0,338.3,-69.89999,3.784,3.756,30,29,21.6,64.98,660.0
680268,2021-06-14 07:39:24,48.0,338.3,-70.10001,3.785,3.757,30,29,21.68,65.21,670.0
680269,2021-06-14 07:39:34,48.4,338.5,-69.89999,3.786,3.758,30,29,21.77,65.47,680.0
680270,2021-06-14 07:39:44,48.4,338.5,-70.10001,3.788,3.759,30,29,21.85,65.71,690.0
680271,2021-06-14 07:39:54,48.8,338.6,-70.10001,3.789,3.76,30,29,21.92,65.9,700.0
680272,2021-06-14 07:40:04,48.8,338.8,-69.89999,3.79,3.762,30,29,22.0,66.15,710.0
680273,2021-06-14 07:40:14,48.8,338.9,-69.89999,3.792,3.763,30,29,22.07,66.39,720.0
680274,2021-06-14 07:40:24,49.2,338.9,-70.20001,3.793,3.764,30,29,22.15,66.61,730.0
680275,2021-06-14 07:40:34,49.2,339.1,-70.0,3.794,3.765,30,29,22.23,66.85,740.0
680276,2021-06-14 07:40:44,49.6,339.3,-69.80002,3.795,3.766,30,29,22.31,67.08,750.0
680277,2021-06-14 07:40:54,49.6,339.4,-69.80002,3.797,3.768,30,29,22.38,67.31,760.0
680278,2021-06-14 07:41:04,50.0,339.4,-69.70001,3.798,3.769,30,29,22.46,67.56,770.0
680279,2021-06-14 07:41:14,50.0,339.6,-70.10001,3.799,3.77,30,29,22.54,67.79,780.0
680280,2021-06-14 07:41:24,50.0,339.7,-70.0,3.802,3.772,30,29,22.61,68.0,790.0
680281,2021-06-14 07:41:34,50.4,339.9,-70.10001,3.803,3.773,30,30,22.69,68.24,800.0
680282,2021-06-14 07:41:44,50.4,339.9,-69.89999,3.804,3.774,30,30,22.77,68.47,810.0
680283,2021-06-14 07:41:54,50.8,340.2,-70.10001,3.805,3.775,30,30,22.85,68.7,820.0
680284,2021-06-14 07:42:04,50.8,340.2,-70.10001,3.806,3.777,30,30,22.92,68.93,830.0
680285,2021-06-14 07:42:14,51.2,340.3,-69.80002,3.807,3.778,30,30,23.0,69.16,840.0
680286,2021-06-14 07:42:24,51.2,340.5,-69.70001,3.809,3.779,30,30,23.08,69.41,850.0
680287,2021-06-14 07:42:34,51.6,340.7,-69.80002,3.811,3.78,30,30,23.16,69.66,860.0
680288,2021-06-14 07:42:44,51.6,340.8,-69.89999,3.813,3.782,31,30,23.24,69.89,870.0
680289,2021-06-14 07:42:54,51.6,340.8,-69.89999,3.814,3.783,31,30,23.32,70.1,880.0
680290,2021-06-14 07:43:04,52.0,341.0,-69.80002,3.815,3.785,31,30,23.39,70.34,890.0
680291,2021-06-14 07:43:14,52.0,341.1,-69.89999,3.816,3.785,31,30,23.46,70.57,900.0
680292,2021-06-14 07:43:24,52.4,341.3,-70.10001,3.819,3.787,31,30,23.54,70.8,910.0
680293,2021-06-14 07:43:34,52.4,341.4,-69.89999,3.82,3.788,31,30,23.62,71.03,920.0
680294,2021-06-14 07:43:44,52.4,341.6,-69.80002,3.823,3.791,31,30,23.7,71.26,930.0
680295,2021-06-14 07:43:54,52.8,341.8,-69.70001,3.824,3.792,31,30,23.78,71.5,940.0
680296,2021-06-14 07:44:04,52.8,341.9,-69.80002,3.826,3.793,31,30,23.85,71.75,950.0
680297,2021-06-14 07:44:14,53.2,341.9,-69.89999,3.827,3.794,31,30,23.93,71.97,960.0
680298,2021-06-14 07:44:24,53.2,342.1,-70.0,3.828,3.796,31,30,24.0,72.18999,970.0
680299,2021-06-14 07:44:34,53.6,342.2,-69.80002,3.83,3.797,31,30,24.07,72.41,980.0
680300,2021-06-14 07:44:44,53.6,342.4,-69.80002,3.831,3.799,31,30,24.16,72.65,990.0
680301,2021-06-14 07:44:54,53.6,342.5,-69.80002,3.834,3.801,31,30,24.23,72.87,1000.0
680302,2021-06-14 07:45:04,54.0,342.7,-69.80002,3.835,3.802,31,30,24.31,73.1,1010.0
680303,2021-06-14 07:45:14,54.0,342.8,-69.89999,3.837,3.804,31,30,24.39,73.33,1020.0
680304,2021-06-14 07:45:24,54.4,343.0,-70.10001,3.839,3.805,31,30,24.46,73.57,1030.0
680305,2021-06-14 07:45:34,54.4,343.2,-69.89999,3.841,3.807,31,30,24.55,73.83,1040.0
680306,2021-06-14 07:45:44,54.8,343.3,-69.89999,3.841,3.808,31,30,24.62,74.04,1050.0
680307,2021-06-14 07:45:54,54.8,343.5,-69.70001,3.845,3.81,31,30,24.7,74.28,1060.0
680308,2021-06-14 07:46:04,54.8,343.6,-70.0,3.846,3.812,31,30,24.77,74.49,1070.0
680309,2021-06-14 07:46:14,55.2,343.8,-69.80002,3.847,3.813,31,30,24.85,74.72,1080.0
680310,2021-06-14 07:46:24,55.2,343.9,-69.89999,3.85,3.814,31,30,24.92,74.96,1090.0
680311,2021-06-14 07:46:34,55.6,344.1,-69.89999,3.85,3.816,31,30,25.0,75.17,1100.0
680312,2021-06-14 07:46:44,55.6,344.3,-70.0,3.852,3.818,31,30,25.07,75.4,1110.0
680313,2021-06-14 07:46:54,56.0,344.4,-69.80002,3.855,3.82,31,30,25.15,75.63,1120.0
680314,2021-06-14 07:47:04,56.0,344.4,-69.89999,3.856,3.821,31,30,25.24,75.89,1130.0
680315,2021-06-14 07:47:14,56.0,344.7,-69.89999,3.857,3.823,31,30,25.32,76.13,1140.0
680316,2021-06-14 07:47:24,56.4,344.9,-70.0,3.86,3.825,31,30,25.39,76.35,1150.0
680317,2021-06-14 07:47:34,56.4,345.0,-69.80002,3.862,3.827,31,30,25.46,76.56,1160.0
680318,2021-06-14 07:47:44,56.8,345.2,-70.0,3.863,3.829,31,30,25.53,76.79,1170.0
680319,2021-06-14 07:47:54,56.8,345.3,-69.80002,3.864,3.831,31,30,25.61,77.02,1180.0
680320,2021-06-14 07:48:04,57.2,345.5,-70.0,3.867,3.832,31,30,25.69,77.25,1190.0
680321,2021-06-14 07:48:14,57.2,345.7,-70.0,3.868,3.833,31,30,25.77,77.49,1200.0
680322,2021-06-14 07:48:24,57.2,345.8,-69.80002,3.87,3.835,31,30,25.84,77.7,1210.0
680323,2021-06-14 07:48:34,57.6,346.1,-69.89999,3.872,3.838,31,30,25.92,77.95,1220.0
680324,2021-06-14 07:48:44,57.6,346.1,-69.89999,3.873,3.84,31,30,26.0,78.18,1230.0
680325,2021-06-14 07:48:54,58.0,346.3,-70.0,3.876,3.841,31,30,26.07,78.41,1240.0
680326,2021-06-14 07:49:04,58.0,346.4,-69.89999,3.875,3.843,31,31,26.14,78.63,1250.0
680327,2021-06-14 07:49:14,58.0,346.4,-69.89999,3.878,3.845,31,31,26.21,78.84,1260.0
680328,2021-06-14 07:49:24,58.4,346.8,-70.0,3.879,3.846,31,31,26.29,79.07,1270.0
680329,2021-06-14 07:49:34,58.4,346.9,-70.0,3.881,3.848,31,31,26.37,79.31,1280.0
680330,2021-06-14 07:49:44,58.8,347.1,-70.10001,3.881,3.85,31,31,26.45,79.53,1290.0
680331,2021-06-14 07:49:54,58.8,347.2,-69.89999,3.884,3.852,31,31,26.53,79.78,1300.0
680332,2021-06-14 07:50:04,59.2,347.4,-70.0,3.886,3.854,31,31,26.6,80.02,1310.0
680333,2021-06-14 07:50:14,59.2,347.5,-70.20001,3.888,3.855,31,31,26.68,80.25,1320.0
680334,2021-06-14 07:50:24,59.2,347.7,-69.89999,3.889,3.858,31,31,26.75,80.46,1330.0
680335,2021-06-14 07:50:34,59.6,347.8,-69.80002,3.892,3.859,31,31,26.83,80.68999,1340.0
680336,2021-06-14 07:50:44,59.6,347.8,-69.80002,3.892,3.861,32,31,26.9,80.91,1350.0
680337,2021-06-14 07:50:54,60.0,348.0,-70.10001,3.892,3.863,32,31,26.98,81.12,1360.0
680338,2021-06-14 07:51:04,60.0,348.2,-69.89999,3.896,3.864,32,31,27.05,81.35,1370.0
680339,2021-06-14 07:51:14,60.4,348.3,-70.0,3.897,3.866,32,31,27.13,81.59,1380.0
680340,2021-06-14 07:51:24,60.4,348.5,-69.89999,3.899,3.867,32,31,27.21,81.82,1390.0
680341,2021-06-14 07:51:34,60.4,348.6,-69.89999,3.899,3.869,32,31,27.29,82.07,1400.0
680342,2021-06-14 07:51:44,60.8,348.8,-69.70001,3.902,3.871,32,31,27.37,82.3,1410.0
680343,2021-06-14 07:51:54,60.8,348.9,-70.0,3.903,3.872,32,31,27.44,82.50999,1420.0
680344,2021-06-14 07:52:04,61.2,349.1,-69.80002,3.905,3.874,32,31,27.52,82.75,1430.0
680345,2021-06-14 07:52:14,61.2,349.3,-69.89999,3.906,3.876,32,31,27.59,82.96,1440.0
680346,2021-06-14 07:52:24,61.2,349.4,-69.89999,3.907,3.877,32,31,27.66,83.17,1450.0
680347,2021-06-14 07:52:34,61.6,349.4,-69.89999,3.908,3.878,32,31,27.74,83.41,1460.0
680348,2021-06-14 07:52:44,61.6,349.7,-69.70001,3.911,3.88,32,31,27.82,83.64,1470.0
680349,2021-06-14 07:52:54,62.0,349.9,-69.80002,3.911,3.881,32,31,27.89,83.87,1480.0
680350,2021-06-14 07:53:05,62.0,349.9,-70.0,3.912,3.883,32,31,27.97,84.12,1491.0
680351,2021-06-14 07:53:15,62.4,350.0,-69.89999,3.916,3.885,32,31,28.04,84.33,1501.0
680352,2021-06-14 07:53:25,62.4,350.2,-70.0,3.917,3.886,32,31,28.12,84.57,1511.0
680353,2021-06-14 07:53:35,62.4,350.3,-69.80002,3.919,3.888,32,31,28.2,84.8,1521.0
680354,2021-06-14 07:53:45,62.8,350.3,-69.89999,3.92,3.889,32,31,28.27,85.00999,1531.0
680355,2021-06-14 07:53:55,62.8,350.5,-69.89999,3.922,3.891,32,31,28.34,85.23,1541.0
680356,2021-06-14 07:54:05,63.2,350.8,-69.70001,3.922,3.892,32,31,28.41,85.43999,1551.0
680357,2021-06-14 07:54:15,63.2,350.8,-70.0,3.924,3.894,32,31,28.49,85.67,1561.0
680358,2021-06-14 07:54:25,63.6,351.0,-69.89999,3.925,3.895,32,31,28.57,85.92,1571.0
680359,2021-06-14 07:54:35,63.6,351.1,-69.80002,3.927,3.897,32,31,28.65,86.15,1581.0
680360,2021-06-14 07:54:45,63.6,351.3,-70.10001,3.928,3.898,32,31,28.72,86.39,1591.0
680361,2021-06-14 07:54:55,64.0,351.4,-69.80002,3.93,3.9,32,31,28.8,86.6,1601.0
680362,2021-06-14 07:55:05,64.0,351.6,-69.80002,3.931,3.901,32,31,28.87,86.83,1611.0
680363,2021-06-14 07:55:15,64.4,351.6,-70.0,3.933,3.903,32,31,28.95,87.07,1621.0
680364,2021-06-14 07:55:25,64.4,351.8,-69.70001,3.935,3.905,32,31,29.02,87.25999,1631.0
680365,2021-06-14 07:55:35,64.4,351.9,-69.80002,3.937,3.906,32,31,29.1,87.5,1641.0
680366,2021-06-14 07:55:45,64.8,352.1,-70.10001,3.937,3.907,32,31,29.17,87.72,1651.0
680367,2021-06-14 07:55:55,64.8,352.2,-69.70001,3.939,3.908,32,31,29.25,87.93999,1661.0
680368,2021-06-14 07:56:05,65.2,352.4,-70.0,3.941,3.91,32,31,29.33,88.21,1671.0
680369,2021-06-14 07:56:15,65.2,352.4,-69.89999,3.942,3.911,32,31,29.4,88.42,1681.0
680370,2021-06-14 07:56:25,65.6,352.5,-70.0,3.943,3.914,32,31,29.48,88.65,1691.0
680371,2021-06-14 07:56:35,65.6,352.7,-70.10001,3.945,3.914,32,31,29.56,88.89,1701.0
680372,2021-06-14 07:56:45,65.6,352.8,-69.70001,3.946,3.916,32,31,29.63,89.1,1711.0
680373,2021-06-14 07:56:55,66.0,353.0,-69.60001,3.947,3.918,32,31,29.7,89.32,1721.0
680374,2021-06-14 07:57:05,66.0,353.2,-70.0,3.949,3.919,32,31,29.77,89.53,1731.0
680375,2021-06-14 07:57:15,66.4,353.3,-69.89999,3.95,3.921,32,31,29.85,89.75999,1741.0
680376,2021-06-14 07:57:25,66.4,353.3,-69.89999,3.952,3.922,32,31,29.92,89.99,1751.0
680377,2021-06-14 07:57:35,66.4,353.5,-69.89999,3.954,3.923,32,31,30.01,90.24,1761.0
680378,2021-06-14 07:57:45,66.8,353.6,-69.89999,3.955,3.925,32,31,30.08,90.46,1771.0
680379,2021-06-14 07:57:55,66.8,353.8,-69.89999,3.956,3.926,32,31,30.16,90.68,1781.0
680380,2021-06-14 07:58:05,67.2,353.9,-70.0,3.958,3.928,32,31,30.23,90.92,1791.0
680381,2021-06-14 07:58:15,67.2,354.1,-69.89999,3.96,3.929,32,31,30.31,91.14,1801.0
680382,2021-06-14 07:58:25,67.6,354.1,-69.89999,3.961,3.931,32,31,30.38,91.36,1811.0
680383,2021-06-14 07:58:35,67.6,354.3,-69.70001,3.961,3.932,32,31,30.46,91.57999,1821.0
680384,2021-06-14 07:58:45,67.6,354.4,-69.80002,3.965,3.934,32,31,30.53,91.79,1831.0
680385,2021-06-14 07:58:55,68.0,354.6,-69.80002,3.965,3.935,32,31,30.6,92.04,1841.0
680386,2021-06-14 07:59:05,68.0,354.6,-69.70001,3.966,3.936,32,31,30.68,92.28,1851.0
680387,2021-06-14 07:59:15,68.4,354.9,-69.70001,3.967,3.938,32,31,30.76,92.5,1861.0
680388,2021-06-14 07:59:25,68.4,354.9,-70.0,3.97,3.939,32,31,30.83,92.72,1871.0
680389,2021-06-14 07:59:35,68.4,355.0,-69.80002,3.971,3.941,32,31,30.91,92.96,1881.0
680390,2021-06-14 07:59:45,68.8,355.2,-70.0,3.972,3.942,32,31,30.99,93.18,1891.0
680391,2021-06-14 07:59:55,68.8,355.3,-69.70001,3.973,3.943,32,31,31.06,93.4,1901.0
680392,2021-06-14 08:00:05,69.2,355.5,-69.70001,3.975,3.946,32,31,31.13,93.61,1911.0
680393,2021-06-14 08:00:15,69.2,355.5,-69.80002,3.977,3.947,32,31,31.2,93.82999,1921.0
680394,2021-06-14 08:00:25,69.6,355.8,-69.70001,3.978,3.948,32,31,31.28,94.06,1931.0
680395,2021-06-14 08:00:35,69.6,355.8,-70.0,3.979,3.95,32,31,31.36,94.31,1941.0
680396,2021-06-14 08:00:45,69.6,356.0,-69.70001,3.981,3.951,32,31,31.44,94.54,1951.0
680397,2021-06-14 08:00:55,70.0,356.1,-70.0,3.982,3.953,32,31,31.51,94.75,1961.0
680398,2021-06-14 08:01:05,70.0,356.3,-69.80002,3.984,3.954,32,31,31.59,94.99,1971.0
680399,2021-06-14 08:01:15,70.4,356.4,-70.0,3.985,3.955,32,31,31.67,95.22,1981.0
680400,2021-06-14 08:01:25,70.4,356.4,-69.89999,3.986,3.957,32,31,31.74,95.43,1991.0
680401,2021-06-14 08:01:35,70.8,356.6,-69.89999,3.988,3.958,32,31,31.82,95.67,2001.0
680402,2021-06-14 08:01:45,70.8,356.8,-69.80002,3.989,3.959,32,31,31.88,95.86,2011.0
680403,2021-06-14 08:01:55,70.8,356.9,-70.0,3.99,3.961,32,31,31.96,96.11,2021.0
680404,2021-06-14 08:02:05,71.2,357.1,-69.70001,3.993,3.962,32,31,32.03,96.35,2031.0
680405,2021-06-14 08:02:15,71.2,357.2,-69.70001,3.994,3.964,32,31,32.11,96.56,2041.0
680406,2021-06-14 08:02:25,71.6,357.4,-69.80002,3.995,3.965,32,31,32.18,96.79,2051.0
680407,2021-06-14 08:02:35,71.6,357.5,-69.70001,3.997,3.967,32,31,32.26,97.02,2061.0
680408,2021-06-14 08:02:45,71.6,357.7,-69.89999,3.999,3.969,32,31,32.33,97.24,2071.0
680409,2021-06-14 08:02:55,72.0,357.7,-69.60001,3.999,3.969,32,31,32.41,97.47,2081.0
680410,2021-06-14 08:03:05,72.0,357.8,-69.89999,4.001,3.971,32,31,32.49,97.7,2091.0
680411,2021-06-14 08:03:15,72.4,358.0,-69.80002,4.003,3.974,32,31,32.56,97.92,2101.0
680412,2021-06-14 08:03:25,72.4,358.0,-69.89999,4.004,3.974,32,32,32.63,98.13,2111.0
680413,2021-06-14 08:03:35,72.4,358.2,-69.89999,4.005,3.975,32,32,32.71,98.38,2121.0
680414,2021-06-14 08:03:45,72.8,358.3,-70.0,4.008,3.977,32,32,32.78,98.6,2131.0
680415,2021-06-14 08:03:55,72.8,358.5,-69.89999,4.01,3.979,32,32,32.86,98.82,2141.0
680416,2021-06-14 08:04:05,73.2,358.6,-69.80002,4.01,3.98,32,32,32.93,99.04,2151.0
680417,2021-06-14 08:04:15,73.2,358.6,-69.70001,4.012,3.982,32,32,33.01,99.27,2161.0
680418,2021-06-14 08:04:25,73.6,358.9,-70.10001,4.013,3.983,32,32,33.09,99.5,2171.0
680419,2021-06-14 08:04:35,73.6,359.1,-69.89999,4.015,3.985,32,32,33.16,99.72,2181.0
680420,2021-06-14 08:04:45,73.6,359.1,-69.89999,4.017,3.986,32,32,33.24,99.95,2191.0
680421,2021-06-14 08:04:55,74.0,359.3,-69.80002,4.018,3.988,32,32,33.3,100.15,2201.0
680422,2021-06-14 08:05:05,74.0,359.4,-70.0,4.019,3.99,33,32,33.39,100.39,2211.0
680423,2021-06-14 08:05:15,74.4,359.6,-69.89999,4.021,3.99,33,32,33.46,100.63,2221.0
680424,2021-06-14 08:05:25,74.4,359.7,-69.89999,4.022,3.993,33,32,33.53,100.85,2231.0
680425,2021-06-14 08:05:35,74.4,359.7,-69.80002,4.023,3.993,33,32,33.61,101.07,2241.0
680426,2021-06-14 08:05:45,74.8,359.9,-69.80002,4.026,3.995,33,32,33.68,101.29,2251.0
680427,2021-06-14 08:05:55,74.8,360.0,-69.80002,4.027,3.996,33,32,33.76,101.52,2261.0
680428,2021-06-14 08:06:05,75.2,360.2,-70.10001,4.027,3.998,33,32,33.84,101.75,2271.0
680429,2021-06-14 08:06:15,75.2,360.3,-69.80002,4.03,3.999,33,32,33.91,101.97,2281.0
680430,2021-06-14 08:06:25,75.6,360.5,-70.0,4.031,4.0,33,32,33.99,102.2,2291.0
680431,2021-06-14 08:06:35,75.6,360.7,-70.0,4.033,4.002,33,32,34.06,102.42,2301.0
680432,2021-06-14 08:06:45,75.6,360.7,-70.0,4.035,4.004,33,32,34.14,102.64,2311.0
680433,2021-06-14 08:06:55,76.0,360.8,-70.10001,4.036,4.005,33,32,34.21,102.86,2321.0
680434,2021-06-14 08:07:05,76.0,361.1,-69.89999,4.038,4.007,33,32,34.28,103.1,2331.0
680435,2021-06-14 08:07:15,76.4,361.1,-69.89999,4.04,4.008,33,32,34.35,103.31,2341.0
680436,2021-06-14 08:07:25,76.4,361.3,-70.10001,4.04,4.011,33,32,34.43,103.54,2351.0
680437,2021-06-14 08:07:35,76.4,361.4,-69.80002,4.043,4.012,33,32,34.51,103.77,2361.0
680438,2021-06-14 08:07:45,76.8,361.6,-69.80002,4.044,4.013,33,32,34.58,103.99,2371.0
680439,2021-06-14 08:07:55,76.8,361.8,-69.89999,4.045,4.014,33,32,34.66,104.24,2381.0
680440,2021-06-14 08:08:05,77.2,361.9,-69.89999,4.047,4.015,33,32,34.73,104.43,2391.0
680441,2021-06-14 08:08:15,77.2,361.9,-69.89999,4.048,4.018,33,32,34.81,104.67,2401.0
680442,2021-06-14 08:08:25,77.6,362.2,-69.80002,4.051,4.019,33,32,34.88,104.88,2411.0
680443,2021-06-14 08:08:35,77.6,362.2,-69.70001,4.052,4.021,33,32,34.96,105.11,2421.0
680444,2021-06-14 08:08:45,77.6,362.4,-70.0,4.053,4.022,33,32,35.03,105.32,2431.0
680445,2021-06-14 08:08:55,78.0,362.5,-70.0,4.054,4.023,33,32,35.1,105.56,2441.0
680446,2021-06-14 08:09:05,78.0,362.7,-69.89999,4.056,4.025,33,32,35.17,105.78,2451.0
680447,2021-06-14 08:09:15,78.4,362.8,-69.70001,4.057,4.027,33,32,35.25,106.0,2461.0
680448,2021-06-14 08:09:25,78.4,363.0,-69.70001,4.058,4.028,33,32,35.32,106.22,2471.0
680449,2021-06-14 08:09:35,78.4,363.0,-69.70001,4.061,4.029,33,32,35.4,106.45,2481.0
680450,2021-06-14 08:09:45,78.8,363.3,-69.89999,4.062,4.031,33,32,35.47,106.67,2491.0
680451,2021-06-14 08:09:55,78.8,363.3,-69.80002,4.064,4.033,33,32,35.55,106.9,2501.0
680452,2021-06-14 08:10:05,79.2,363.5,-69.89999,4.065,4.034,33,32,35.63,107.13,2511.0
680453,2021-06-14 08:10:15,79.2,363.6,-69.60001,4.067,4.036,33,32,35.7,107.35,2521.0
680454,2021-06-14 08:10:25,79.2,363.8,-70.0,4.068,4.038,33,32,35.78,107.57,2531.0
680455,2021-06-14 08:10:35,79.6,363.9,-69.70001,4.07,4.038,33,32,35.85,107.79,2541.0
680456,2021-06-14 08:10:45,79.6,364.1,-70.0,4.072,4.041,33,32,35.92,108.01,2551.0
680457,2021-06-14 08:10:55,80.0,364.3,-69.89999,4.072,4.041,33,32,36.0,108.25,2561.0
680458,2021-06-14 08:11:05,80.0,364.4,-69.89999,4.074,4.043,33,32,36.07,108.46,2571.0
680459,2021-06-14 08:11:15,80.4,364.6,-70.10001,4.076,4.046,33,32,36.14,108.68,2581.0
680460,2021-06-14 08:11:25,80.4,364.7,-70.0,4.078,4.047,33,32,36.22,108.92,2591.0
680461,2021-06-14 08:11:35,80.4,364.7,-69.89999,4.079,4.048,33,32,36.29,109.14,2601.0
680462,2021-06-14 08:11:45,80.8,364.9,-69.70001,4.081,4.05,33,32,36.36,109.35,2611.0
680463,2021-06-14 08:11:55,80.8,365.0,-70.0,4.082,4.051,33,32,36.44,109.58,2621.0
680464,2021-06-14 08:12:05,81.2,365.2,-69.70001,4.083,4.053,33,32,36.51,109.79,2631.0
680465,2021-06-14 08:12:15,81.2,365.3,-70.0,4.085,4.055,33,32,36.59,110.03,2641.0
680466,2021-06-14 08:12:25,81.2,365.5,-69.89999,4.087,4.056,33,32,36.66,110.24,2651.0
680467,2021-06-14 08:12:35,81.6,365.7,-70.0,4.09,4.058,33,32,36.75,110.49,2661.0
680468,2021-06-14 08:12:45,81.6,365.8,-70.0,4.091,4.059,33,32,36.81,110.69,2671.0
680469,2021-06-14 08:12:55,82.0,366.0,-70.0,4.092,4.061,33,32,36.89,110.92,2681.0
680470,2021-06-14 08:13:05,82.0,366.1,-69.89999,4.094,4.062,33,32,36.96,111.14,2691.0
680471,2021-06-14 08:13:15,82.0,366.3,-69.89999,4.095,4.064,33,32,37.03,111.36,2701.0
680472,2021-06-14 08:13:25,82.4,366.4,-69.89999,4.098,4.066,33,32,37.1,111.58,2711.0
680473,2021-06-14 08:13:35,82.4,366.6,-70.0,4.098,4.067,33,32,37.18,111.82,2721.0
680474,2021-06-14 08:13:45,82.8,366.8,-69.89999,4.1,4.069,33,32,37.25,112.03,2731.0
680475,2021-06-14 08:13:55,82.8,366.9,-69.89999,4.102,4.071,33,32,37.34,112.28,2741.0
680476,2021-06-14 08:14:05,83.2,366.9,-69.89999,4.103,4.073,33,32,37.41,112.49,2751.0
680477,2021-06-14 08:14:15,83.2,367.1,-69.80002,4.105,4.074,33,32,37.47,112.69,2761.0
680478,2021-06-14 08:14:25,83.2,367.2,-70.0,4.107,4.075,33,32,37.55,112.92,2771.0
680479,2021-06-14 08:14:35,83.6,367.4,-69.70001,4.108,4.077,33,32,37.62,113.14,2781.0
680480,2021-06-14 08:14:45,83.6,367.5,-69.80002,4.11,4.079,33,32,37.7,113.37,2791.0
680481,2021-06-14 08:14:55,84.0,367.7,-69.89999,4.111,4.08,33,32,37.77,113.58,2801.0
680482,2021-06-14 08:15:05,84.0,367.8,-70.10001,4.113,4.082,33,32,37.85,113.82,2811.0
680483,2021-06-14 08:15:15,84.0,368.0,-69.80002,4.114,4.084,33,32,37.92,114.03,2821.0
680484,2021-06-14 08:15:25,84.4,368.0,-69.89999,4.116,4.086,33,32,38.0,114.28,2831.0
680485,2021-06-14 08:15:35,84.4,368.3,-70.0,4.118,4.086,33,32,38.07,114.5,2841.0
680486,2021-06-14 08:15:45,84.8,368.3,-70.0,4.12,4.089,33,32,38.15,114.72,2851.0
680487,2021-06-14 08:15:55,84.8,368.6,-69.89999,4.122,4.091,33,32,38.21,114.92,2861.0
680488,2021-06-14 08:16:05,84.8,368.6,-69.80002,4.123,4.091,33,32,38.28,115.14,2871.0
680489,2021-06-14 08:16:15,85.2,368.8,-70.0,4.125,4.093,33,32,38.36,115.35,2881.0
680490,2021-06-14 08:16:25,85.2,369.1,-69.80002,4.126,4.095,33,32,38.43,115.58,2891.0
680491,2021-06-14 08:16:35,85.6,369.1,-69.80002,4.127,4.096,33,32,38.51,115.8,2901.0
680492,2021-06-14 08:16:45,85.6,369.3,-70.10001,4.129,4.098,33,32,38.58,116.03,2911.0
680493,2021-06-14 08:16:55,85.6,369.4,-69.60001,4.13,4.099,33,32,38.66,116.25,2921.0
680494,2021-06-14 08:17:05,86.0,369.6,-69.80002,4.132,4.101,33,32,38.74,116.5,2931.0
680495,2021-06-14 08:17:15,86.0,369.7,-69.80002,4.134,4.103,33,32,38.81,116.71,2941.0
680496,2021-06-14 08:17:25,86.4,369.9,-69.70001,4.135,4.104,33,32,38.88,116.92,2951.0
680497,2021-06-14 08:17:35,86.4,370.0,-70.0,4.137,4.106,33,32,38.96,117.14,2961.0
680498,2021-06-14 08:17:45,86.8,370.2,-69.70001,4.14,4.108,33,32,39.03,117.35,2971.0
680499,2021-06-14 08:17:55,86.8,370.4,-69.89999,4.139,4.109,33,32,39.1,117.59,2981.0
680500,2021-06-14 08:18:05,86.8,370.4,-69.89999,4.142,4.111,33,32,39.17,117.8,2991.0
680501,2021-06-14 08:18:15,87.2,370.7,-70.10001,4.144,4.112,33,32,39.25,118.03,3001.0
680502,2021-06-14 08:18:25,87.2,370.8,-69.80002,4.145,4.115,33,32,39.33,118.26,3011.0
680503,2021-06-14 08:18:35,87.6,371.0,-69.80002,4.147,4.116,33,32,39.4,118.5,3021.0
680504,2021-06-14 08:18:45,87.6,371.1,-69.70001,4.148,4.118,33,32,39.48,118.71,3031.0
680505,2021-06-14 08:18:55,87.6,371.1,-69.89999,4.15,4.12,33,32,39.55,118.94,3041.0
680506,2021-06-14 08:19:05,88.0,371.3,-70.0,4.152,4.121,33,32,39.62,119.14,3051.0
680507,2021-06-14 08:19:15,88.0,371.4,-69.80002,4.155,4.122,33,32,39.69,119.35,3061.0
680508,2021-06-14 08:19:25,88.4,371.6,-69.60001,4.155,4.124,33,32,39.76,119.57,3071.0
680509,2021-06-14 08:19:35,88.4,371.8,-69.89999,4.157,4.126,33,32,39.84,119.8,3081.0
680510,2021-06-14 08:19:45,88.4,371.9,-69.80002,4.159,4.127,33,32,39.91,120.02,3091.0
680511,2021-06-14 08:19:55,88.8,372.1,-69.80002,4.16,4.13,33,32,40.0,120.27,3101.0
680512,2021-06-14 08:20:05,88.8,371.1,-42.10001,4.142,4.118,33,32,40.04,120.42,3111.0
680513,2021-06-14 08:20:15,88.8,371.0,-42.30002,4.141,4.117,33,32,40.09,120.55,3121.0
680514,2021-06-14 08:20:25,89.2,371.1,-42.20001,4.142,4.118,33,32,40.13,120.66,3131.0
680515,2021-06-14 08:20:35,89.2,371.1,-42.20001,4.143,4.118,33,32,40.17,120.79,3141.0
680516,2021-06-14 08:20:45,89.2,371.1,-42.20001,4.143,4.119,33,32,40.21,120.92,3151.0
680517,2021-06-14 08:20:55,89.2,371.3,-42.10001,4.143,4.12,33,32,40.26,121.06,3161.0
680518,2021-06-14 08:21:05,89.6,371.3,-42.39999,4.144,4.12,33,32,40.3,121.19,3171.0
680519,2021-06-14 08:21:15,89.6,371.3,-42.5,4.145,4.121,33,32,40.35,121.32,3181.0
680520,2021-06-14 08:21:25,89.6,371.4,-42.39999,4.146,4.122,33,32,40.39,121.46,3191.0
680521,2021-06-14 08:21:35,89.6,371.4,-42.20001,4.147,4.123,33,32,40.43,121.59,3201.0
680522,2021-06-14 08:21:45,90.0,371.6,-42.30002,4.146,4.123,33,32,40.48,121.72,3211.0
680523,2021-06-14 08:21:55,90.0,371.6,-42.20001,4.148,4.124,33,32,40.52,121.85,3221.0
680524,2021-06-14 08:22:05,90.0,371.6,-42.10001,4.149,4.125,33,32,40.56,121.97,3231.0
680525,2021-06-14 08:22:15,90.0,371.9,-42.20001,4.149,4.126,33,32,40.6,122.1,3241.0
680526,2021-06-14 08:22:25,90.4,371.9,-42.30002,4.15,4.127,33,32,40.65,122.24,3251.0
680527,2021-06-14 08:22:35,90.4,371.9,-42.10001,4.152,4.128,33,32,40.69,122.37,3261.0
680528,2021-06-14 08:22:46,90.4,372.1,-42.30002,4.153,4.128,33,32,40.74,122.5,3272.0
680529,2021-06-14 08:22:56,90.4,372.1,-42.20001,4.153,4.13,33,32,40.78,122.63,3282.0
680530,2021-06-14 08:23:06,90.4,372.2,-42.39999,4.155,4.131,33,32,40.82,122.76,3292.0
680531,2021-06-14 08:23:16,90.8,372.4,-42.10001,4.155,4.131,33,32,40.87,122.89,3302.0
680532,2021-06-14 08:23:26,90.8,372.4,-42.10001,4.156,4.132,33,32,40.91,123.03,3312.0
680533,2021-06-14 08:23:36,90.8,372.4,-42.20001,4.157,4.134,33,32,40.96,123.16,3322.0
680534,2021-06-14 08:23:46,90.8,372.5,-42.39999,4.158,4.134,33,32,41.0,123.28,3332.0
680535,2021-06-14 08:23:56,91.2,372.7,-42.30002,4.159,4.135,33,32,41.04,123.41,3342.0
680536,2021-06-14 08:24:06,91.2,372.7,-42.10001,4.16,4.137,33,32,41.08,123.54,3352.0
680537,2021-06-14 08:24:16,91.2,372.9,-42.10001,4.161,4.137,33,32,41.12,123.66,3362.0
680538,2021-06-14 08:24:26,91.2,372.9,-42.39999,4.162,4.138,33,32,41.17,123.81,3372.0
680539,2021-06-14 08:24:36,91.6,373.0,-42.10001,4.163,4.14,33,32,41.21,123.94,3382.0
680540,2021-06-14 08:24:46,91.6,373.0,-42.10001,4.163,4.141,33,32,41.26,124.07,3392.0
680541,2021-06-14 08:24:56,91.6,373.2,-42.10001,4.165,4.141,33,32,41.3,124.18,3402.0
680542,2021-06-14 08:25:06,91.6,373.3,-42.30002,4.165,4.141,33,32,41.34,124.32,3412.0
680543,2021-06-14 08:25:16,92.0,373.3,-42.39999,4.167,4.143,33,32,41.38,124.43,3422.0
680544,2021-06-14 08:25:26,92.0,373.3,-42.39999,4.168,4.144,33,32,41.42,124.57,3432.0
680545,2021-06-14 08:25:36,92.0,373.5,-42.20001,4.169,4.145,33,32,41.46,124.7,3442.0
680546,2021-06-14 08:25:46,92.0,373.6,-42.10001,4.169,4.145,33,32,41.51,124.83,3452.0
680547,2021-06-14 08:25:56,92.4,373.6,-42.30002,4.17,4.147,33,32,41.56,124.96,3462.0
680548,2021-06-14 08:26:06,92.4,373.8,-42.10001,4.171,4.148,33,32,41.6,125.1,3472.0
680549,2021-06-14 08:26:16,92.4,373.9,-42.20001,4.173,4.149,33,32,41.64,125.23,3482.0
680550,2021-06-14 08:26:26,92.4,373.9,-42.39999,4.173,4.15,33,32,41.69,125.36,3492.0
680551,2021-06-14 08:26:36,92.8,373.9,-42.20001,4.174,4.15,33,32,41.73,125.5,3502.0
680552,2021-06-14 08:26:46,92.8,374.1,-42.20001,4.175,4.152,33,32,41.77,125.61,3512.0
680553,2021-06-14 08:26:56,92.8,374.1,-42.20001,4.176,4.153,33,32,41.81,125.72,3522.0
680554,2021-06-14 08:27:06,92.8,374.3,-42.20001,4.177,4.153,33,32,41.85,125.85,3532.0
680555,2021-06-14 08:27:16,92.8,374.4,-42.20001,4.178,4.155,33,32,41.89,125.99,3542.0
680556,2021-06-14 08:27:26,93.2,374.4,-42.20001,4.178,4.156,33,32,41.95,126.14,3552.0
680557,2021-06-14 08:27:36,93.2,374.6,-42.20001,4.18,4.157,33,32,41.99,126.25,3562.0
680558,2021-06-14 08:27:46,93.2,374.6,-42.20001,4.181,4.158,33,32,42.03,126.39,3572.0
680559,2021-06-14 08:27:56,93.2,374.7,-42.20001,4.181,4.159,33,32,42.07,126.52,3582.0
680560,2021-06-14 08:28:06,93.6,374.7,-42.0,4.184,4.16,33,32,42.12,126.65,3592.0
680561,2021-06-14 08:28:16,93.6,374.9,-42.10001,4.184,4.161,33,32,42.15,126.77,3602.0
680562,2021-06-14 08:28:26,93.6,374.9,-42.10001,4.183,4.161,33,32,42.19,126.89,3612.0
680563,2021-06-14 08:28:36,93.6,375.0,-42.30002,4.186,4.162,33,32,42.24,127.02,3622.0
680564,2021-06-14 08:28:46,94.0,375.0,-42.30002,4.185,4.163,33,32,42.28,127.15,3632.0
680565,2021-06-14 08:28:56,94.0,375.2,-42.10001,4.187,4.164,33,32,42.32,127.28,3642.0
680566,2021-06-14 08:29:06,94.0,375.4,-42.20001,4.188,4.166,33,32,42.37,127.41,3652.0
680567,2021-06-14 08:29:16,94.0,375.4,-42.30002,4.189,4.166,33,32,42.42,127.54,3662.0
680568,2021-06-14 08:29:26,94.4,375.4,-42.10001,4.19,4.167,33,32,42.46,127.66,3672.0
680569,2021-06-14 08:29:36,94.4,375.5,-42.30002,4.19,4.168,33,32,42.5,127.79,3682.0
680570,2021-06-14 08:29:46,94.4,375.7,-42.0,4.192,4.17,33,32,42.54,127.92,3692.0
680571,2021-06-14 08:29:56,94.4,375.7,-42.39999,4.192,4.169,33,32,42.58,128.04,3702.0
680572,2021-06-14 08:30:06,94.4,375.8,-42.39999,4.194,4.171,33,32,42.62,128.17,3712.0
680573,2021-06-14 08:30:16,94.8,375.8,-42.20001,4.195,4.172,33,32,42.66,128.29,3722.0
680574,2021-06-14 08:30:26,94.8,376.0,-42.10001,4.196,4.173,33,32,42.71,128.44,3732.0
680575,2021-06-14 08:30:36,94.8,376.1,-42.10001,4.197,4.173,33,32,42.75,128.56,3742.0
680576,2021-06-14 08:30:46,94.8,376.1,-42.30002,4.199,4.175,33,32,42.79,128.68,3752.0
680577,2021-06-14 08:30:56,95.2,376.3,-42.5,4.199,4.175,33,32,42.84,128.82,3762.0
680578,2021-06-14 08:31:06,95.2,376.3,-42.5,4.2,4.177,33,32,42.88,128.93,3772.0
680579,2021-06-14 08:31:16,95.2,376.4,-42.20001,4.2,4.177,33,32,42.92,129.07,3782.0
680580,2021-06-14 08:31:26,95.2,376.4,-42.39999,4.201,4.179,33,32,42.96,129.18,3792.0
680581,2021-06-14 08:31:36,95.6,376.6,-42.20001,4.203,4.18,33,32,43.0,129.3,3802.0
680582,2021-06-14 08:31:46,95.6,376.6,-42.20001,4.203,4.18,33,32,43.04,129.43,3812.0
680583,2021-06-14 08:31:56,95.6,376.8,-42.39999,4.205,4.181,33,32,43.08,129.57,3822.0
680584,2021-06-14 08:32:06,95.6,376.8,-42.10001,4.205,4.182,33,32,43.13,129.7,3832.0
680585,2021-06-14 08:32:16,95.6,376.9,-42.39999,4.206,4.184,33,32,43.17,129.83,3842.0
680586,2021-06-14 08:32:26,96.0,376.9,-42.30002,4.207,4.185,33,32,43.21,129.94,3852.0
680587,2021-06-14 08:32:36,96.0,377.1,-42.10001,4.208,4.185,33,32,43.25,130.07,3862.0
680588,2021-06-14 08:32:46,96.0,377.2,-42.20001,4.208,4.186,33,32,43.3,130.21,3872.0
680589,2021-06-14 08:32:56,96.0,377.2,-42.20001,4.211,4.188,33,32,43.34,130.32,3882.0
680590,2021-06-14 08:33:06,96.4,377.4,-42.39999,4.21,4.188,33,32,43.38,130.44,3892.0
680591,2021-06-14 08:33:16,96.4,377.4,-42.20001,4.213,4.188,33,32,43.42,130.56,3902.0
680592,2021-06-14 08:33:26,96.4,377.5,-42.39999,4.213,4.19,33,32,43.46,130.69,3912.0
680593,2021-06-14 08:33:36,96.4,377.5,-42.30002,4.214,4.192,33,32,43.5,130.82,3922.0
680594,2021-06-14 08:33:46,96.8,377.7,-42.10001,4.216,4.192,33,32,43.55,130.96,3932.0
680595,2021-06-14 08:33:56,96.8,377.9,-42.20001,4.216,4.193,33,32,43.59,131.08,3942.0
680596,2021-06-14 08:34:06,96.8,377.9,-42.5,4.217,4.194,33,32,43.63,131.2,3952.0
680597,2021-06-14 08:34:16,96.8,378.0,-42.39999,4.218,4.195,33,32,43.67,131.33,3962.0
680598,2021-06-14 08:34:26,97.2,378.0,-42.20001,4.219,4.196,33,32,43.71,131.45,3972.0
680599,2021-06-14 08:34:36,97.2,378.0,-42.5,4.22,4.197,33,32,43.75,131.58,3982.0
680600,2021-06-14 08:34:46,97.2,378.2,-42.39999,4.22,4.198,33,32,43.79,131.7,3992.0
680601,2021-06-14 08:34:56,97.2,378.3,-42.30002,4.223,4.199,33,32,43.84,131.83,4002.0
680602,2021-06-14 08:35:06,97.2,378.3,-42.10001,4.223,4.199,33,32,43.89,131.96,4012.0
680603,2021-06-14 08:35:16,97.6,378.5,-42.39999,4.223,4.2,33,32,43.92,132.08,4022.0
680604,2021-06-14 08:35:26,97.6,378.5,-42.39999,4.224,4.202,33,32,43.96,132.21,4032.0
680605,2021-06-14 08:35:36,97.6,378.6,-42.30002,4.224,4.202,33,32,44.0,132.32,4042.0
680606,2021-06-14 08:35:46,97.6,378.6,-42.20001,4.226,4.203,33,32,44.04,132.44,4052.0
