number,record_time,soc,pack_voltage,charge_current,max_cell_voltage,min_cell_voltage,max_temperature,min_temperature,available_energy,available_capacity,charging_duration_seconds
93145,2019-09-30 06:38:25,82.8,366.0,-73.80002,4.088,4.06,37,34,37.51,112.75,0.0
93146,2019-09-30 06:38:33,82.8,366.3,-73.80002,4.092,4.065,37,34,37.56,112.93,8.0
93147,2019-09-30 06:38:41,83.2,366.6,-73.80002,4.096,4.067,37,34,37.62,113.1,16.0
93148,2019-09-30 06:38:49,83.2,366.8,-73.80002,4.098,4.07,37,34,37.68,113.27,24.0
93149,2019-09-30 06:38:57,83.2,366.9,-73.80002,4.101,4.072,37,34,37.73,113.42,32.0
93150,2019-09-30 06:39:05,83.6,367.2,-73.80002,4.102,4.074,37,34,37.78,113.59,40.0
93151,2019-09-30 06:39:13,83.6,367.4,-73.80002,4.103,4.076,37,34,37.84,113.75,48.0
93152,2019-09-30 06:39:21,83.6,367.5,-73.89999,4.105,4.078,37,34,37.89,113.92,56.0
93153,2019-09-30 06:39:29,84.0,367.7,-73.89999,4.107,4.079,37,34,37.95,114.08,64.0
93154,2019-09-30 06:39:37,84.0,367.7,-73.89999,4.108,4.081,37,34,38.0,114.25,72.0
93155,2019-09-30 06:39:45,84.0,368.0,-73.89999,4.11,4.083,37,34,38.06,114.41,80.0
93156,2019-09-30 06:39:53,84.0,368.0,-73.89999,4.112,4.084,37,34,38.11,114.58,88.0
93157,2019-09-30 06:40:01,84.4,368.2,-74.0,4.114,4.085,37,34,38.17,114.75,96.0
93158,2019-09-30 06:40:09,84.4,368.3,-73.89999,4.114,4.087,37,34,38.23,114.93,104.0
93159,2019-09-30 06:40:17,84.4,368.5,-73.89999,4.116,4.089,37,34,38.28,115.1,112.0
93160,2019-09-30 06:40:25,84.8,368.6,-74.0,4.118,4.089,37,34,38.33,115.25,120.0
93161,2019-09-30 06:40:33,84.8,368.6,-73.89999,4.119,4.091,37,34,38.39,115.41,128.0
93162,2019-09-30 06:40:41,84.8,368.9,-74.0,4.121,4.092,37,34,38.45,115.58,136.0
93163,2019-09-30 06:40:49,85.2,368.9,-74.0,4.122,4.094,37,34,38.5,115.74,144.0
93164,2019-09-30 06:40:57,85.2,369.1,-74.0,4.124,4.096,37,34,38.56,115.93,152.0
93165,2019-09-30 06:41:05,85.2,369.3,-74.0,4.125,4.097,37,34,38.61,116.08,160.0
93166,2019-09-30 06:41:13,85.2,369.3,-74.10001,4.127,4.098,37,34,38.66,116.25,168.0
93167,2019-09-30 06:41:21,85.6,369.4,-74.0,4.128,4.099,37,34,38.72,116.41,176.0
93168,2019-09-30 06:41:29,85.6,369.7,-74.10001,4.129,4.101,37,34,38.79,116.61,184.0
93169,2019-09-30 06:41:37,85.6,369.7,-74.10001,4.13,4.103,37,34,38.84,116.78,192.0
93170,2019-09-30 06:41:45,86.0,369.9,-74.0,4.132,4.104,37,34,38.9,116.94,200.0
93171,2019-09-30 06:41:53,86.0,370.0,-74.0,4.134,4.105,37,34,38.95,117.11,208.0
93172,2019-09-30 06:42:01,86.0,370.2,-74.0,4.134,4.107,37,34,39.01,117.27,216.0
93173,2019-09-30 06:42:09,86.4,370.2,-74.0,4.137,4.108,37,34,39.06,117.42,224.0
93174,2019-09-30 06:42:17,86.4,370.4,-74.0,4.138,4.11,37,34,39.12,117.59,232.0
93175,2019-09-30 06:42:25,86.4,370.5,-74.10001,4.139,4.111,37,35,39.17,117.76,240.0
93176,2019-09-30 06:42:33,86.8,370.5,-74.0,4.141,4.112,37,35,39.22,117.92,248.0
93177,2019-09-30 06:42:41,86.8,370.7,-74.10001,4.141,4.113,37,35,39.28,118.09,256.0
93178,2019-09-30 06:42:49,86.8,371.0,-74.10001,4.144,4.115,37,35,39.33,118.25,264.0
93179,2019-09-30 06:42:57,86.8,371.0,-74.10001,4.145,4.117,37,35,39.39,118.42,272.0
93180,2019-09-30 06:43:05,87.2,371.1,-74.10001,4.146,4.117,37,35,39.45,118.6,280.0
93181,2019-09-30 06:43:13,87.2,371.3,-74.10001,4.147,4.12,37,35,39.5,118.77,288.0
93182,2019-09-30 06:43:21,87.2,371.4,-74.20001,4.149,4.121,37,35,39.56,118.93,296.0
93183,2019-09-30 06:43:29,87.6,371.6,-74.20001,4.15,4.122,37,35,39.62,119.1,304.0
93184,2019-09-30 06:43:37,87.6,371.6,-74.10001,4.151,4.123,37,35,39.67,119.25,312.0
93185,2019-09-30 06:43:45,87.6,371.8,-74.10001,4.152,4.126,37,35,39.72,119.42,320.0
93186,2019-09-30 06:43:53,88.0,371.9,-74.10001,4.155,4.126,37,35,39.78,119.58,328.0
93187,2019-09-30 06:44:01,88.0,372.1,-74.20001,4.156,4.128,37,35,39.84,119.75,336.0
93188,2019-09-30 06:44:09,88.0,372.1,-74.10001,4.158,4.13,37,35,39.89,119.92,344.0
93189,2019-09-30 06:44:17,88.4,372.4,-74.10001,4.159,4.131,37,35,39.94,120.08,352.0
93190,2019-09-30 06:44:25,88.4,372.4,-74.20001,4.161,4.133,37,35,40.01,120.26,360.0
93191,2019-09-30 06:44:33,88.4,371.6,-48.0,4.145,4.124,37,35,40.05,120.4,368.0
93192,2019-09-30 06:44:41,88.4,371.6,-48.0,4.143,4.123,37,35,40.08,120.5,376.0
93193,2019-09-30 06:44:49,88.4,371.6,-47.89999,4.145,4.124,37,35,40.12,120.62,384.0
93194,2019-09-30 06:44:57,88.8,371.8,-47.89999,4.145,4.125,37,35,40.16,120.73,392.0
93195,2019-09-30 06:45:05,88.8,371.8,-47.89999,4.146,4.127,37,35,40.19,120.83,400.0
93196,2019-09-30 06:45:13,88.8,371.8,-47.80002,4.147,4.127,37,35,40.23,120.95,408.0
93197,2019-09-30 06:45:21,88.8,371.8,-47.80002,4.148,4.127,37,35,40.27,121.05,416.0
93198,2019-09-30 06:45:29,88.8,371.9,-47.80002,4.148,4.127,37,35,40.3,121.15,424.0
93199,2019-09-30 06:45:37,89.2,371.9,-47.80002,4.148,4.129,37,35,40.34,121.26,432.0
93200,2019-09-30 06:45:45,89.2,372.1,-47.80002,4.149,4.13,37,35,40.37,121.36,440.0
93201,2019-09-30 06:45:53,89.2,372.2,-47.80002,4.15,4.13,37,35,40.41,121.48,448.0
93202,2019-09-30 06:46:01,89.2,372.2,-47.80002,4.151,4.131,37,35,40.45,121.59,456.0
93203,2019-09-30 06:46:09,89.2,372.2,-47.80002,4.152,4.132,37,35,40.48,121.71,464.0
93204,2019-09-30 06:46:17,89.6,372.4,-47.80002,4.153,4.134,37,35,40.52,121.81,472.0
93205,2019-09-30 06:46:25,89.6,372.4,-47.80002,4.154,4.134,37,35,40.55,121.93,480.0
93206,2019-09-30 06:46:33,89.6,372.5,-47.80002,4.154,4.135,37,35,40.59,122.02,488.0
93207,2019-09-30 06:46:41,89.6,372.5,-47.80002,4.155,4.136,37,35,40.63,122.15,496.0
93208,2019-09-30 06:46:49,89.6,372.7,-47.70001,4.156,4.137,37,35,40.66,122.24,504.0
93209,2019-09-30 06:46:57,90.0,372.7,-47.80002,4.157,4.138,37,35,40.7,122.34,512.0
93210,2019-09-30 06:47:05,90.0,372.9,-47.80002,4.158,4.138,37,35,40.73,122.46,520.0
93211,2019-09-30 06:47:13,90.0,372.9,-47.70001,4.159,4.139,37,35,40.77,122.56,528.0
93212,2019-09-30 06:47:21,90.0,373.0,-47.70001,4.159,4.14,37,35,40.81,122.68,536.0
93213,2019-09-30 06:47:29,90.0,373.0,-47.70001,4.16,4.141,37,35,40.84,122.77,544.0
93214,2019-09-30 06:47:37,90.4,373.2,-47.70001,4.161,4.142,37,35,40.88,122.91,552.0
93215,2019-09-30 06:47:45,90.4,373.2,-47.70001,4.163,4.143,37,35,40.91,123.01,560.0
93216,2019-09-30 06:47:53,90.4,373.3,-47.70001,4.164,4.143,37,35,40.96,123.12,568.0
93217,2019-09-30 06:48:01,90.4,373.3,-47.70001,4.164,4.145,37,35,40.99,123.22,576.0
93218,2019-09-30 06:48:09,90.4,373.5,-47.70001,4.165,4.145,37,35,41.03,123.34,584.0
93219,2019-09-30 06:48:17,90.8,373.6,-47.70001,4.167,4.147,37,35,41.06,123.44,592.0
93220,2019-09-30 06:48:25,90.8,373.6,-47.70001,4.166,4.147,37,35,41.09,123.54,600.0
93221,2019-09-30 06:48:33,90.8,373.6,-47.70001,4.168,4.148,37,35,41.13,123.66,608.0
93222,2019-09-30 06:48:41,90.8,373.8,-47.70001,4.169,4.148,37,35,41.17,123.76,616.0
93223,2019-09-30 06:48:49,90.8,373.8,-47.70001,4.17,4.149,37,35,41.2,123.86,624.0
93224,2019-09-30 06:48:57,91.2,373.9,-47.70001,4.17,4.15,37,35,41.24,123.99,632.0
93225,2019-09-30 06:49:05,91.2,373.9,-47.70001,4.171,4.151,37,35,41.27,124.09,640.0
93226,2019-09-30 06:49:13,91.2,374.1,-47.70001,4.172,4.152,37,35,41.32,124.2,648.0
93227,2019-09-30 06:49:21,91.2,374.1,-47.70001,4.173,4.153,37,35,41.35,124.32,656.0
93228,2019-09-30 06:49:29,91.2,374.3,-47.60001,4.173,4.154,37,35,41.39,124.42,664.0
93229,2019-09-30 06:49:37,91.6,374.3,-47.60001,4.174,4.155,37,35,41.42,124.52,672.0
93230,2019-09-30 06:49:45,91.6,374.4,-47.70001,4.176,4.156,37,35,41.46,124.63,680.0
93231,2019-09-30 06:49:53,91.6,374.4,-47.70001,4.176,4.156,37,35,41.5,124.76,688.0
93232,2019-09-30 06:50:01,91.6,374.6,-47.70001,4.178,4.157,37,35,41.52,124.83,696.0
93233,2019-09-30 06:50:10,91.6,374.6,-47.60001,4.178,4.159,37,35,41.57,124.95,705.0
93234,2019-09-30 06:50:18,92.0,374.7,-47.70001,4.179,4.159,37,35,41.6,125.05,713.0
93235,2019-09-30 06:50:26,92.0,374.9,-47.60001,4.179,4.16,37,35,41.64,125.17,721.0
93236,2019-09-30 06:50:34,92.0,374.9,-47.60001,4.18,4.161,37,35,41.68,125.29,729.0
93237,2019-09-30 06:50:42,92.0,374.9,-47.60001,4.182,4.162,37,35,41.71,125.39,737.0
93238,2019-09-30 06:50:50,92.0,374.9,-47.60001,4.182,4.163,37,35,41.75,125.5,745.0
93239,2019-09-30 06:50:58,92.4,375.0,-47.60001,4.183,4.163,37,35,41.78,125.62,753.0
93240,2019-09-30 06:51:06,92.4,375.2,-47.60001,4.184,4.165,37,35,41.82,125.72,761.0
93241,2019-09-30 06:51:14,92.4,375.2,-47.60001,4.185,4.166,37,35,41.86,125.83,769.0
93242,2019-09-30 06:51:22,92.4,375.4,-47.70001,4.186,4.166,37,35,41.89,125.93,777.0
93243,2019-09-30 06:51:30,92.4,375.4,-47.70001,4.187,4.167,37,35,41.93,126.04,785.0
93244,2019-09-30 06:51:38,92.8,375.5,-47.60001,4.187,4.168,37,35,41.96,126.14,793.0
93245,2019-09-30 06:51:46,92.8,375.5,-47.60001,4.188,4.168,37,35,42.0,126.25,801.0
93246,2019-09-30 06:51:54,92.8,375.7,-47.60001,4.19,4.17,37,35,42.03,126.35,809.0
93247,2019-09-30 06:52:02,92.8,375.8,-47.60001,4.19,4.171,37,35,42.07,126.48,817.0
93248,2019-09-30 06:52:10,92.8,375.8,-47.60001,4.192,4.171,37,35,42.11,126.58,825.0
93249,2019-09-30 06:52:18,93.2,376.0,-47.60001,4.192,4.173,37,35,42.14,126.7,833.0
93250,2019-09-30 06:52:26,93.2,376.0,-47.60001,4.193,4.173,37,35,42.18,126.8,841.0
93251,2019-09-30 06:52:34,93.2,376.1,-47.70001,4.194,4.175,37,35,42.21,126.91,849.0
93252,2019-09-30 06:52:42,93.2,376.1,-47.70001,4.195,4.175,37,35,42.25,127.01,857.0
93253,2019-09-30 06:52:50,93.2,376.1,-47.60001,4.196,4.177,37,35,42.29,127.13,865.0
93254,2019-09-30 06:52:58,93.6,376.1,-47.70001,4.197,4.177,37,35,42.32,127.23,873.0
93255,2019-09-30 06:53:06,93.6,376.3,-47.60001,4.198,4.177,37,35,42.36,127.33,881.0
93256,2019-09-30 06:53:14,93.6,376.4,-47.70001,4.198,4.179,37,35,42.39,127.44,889.0
93257,2019-09-30 06:53:22,93.6,376.6,-47.60001,4.199,4.179,37,35,42.43,127.54,897.0
93258,2019-09-30 06:53:30,93.6,376.6,-47.70001,4.2,4.181,37,35,42.47,127.66,905.0
93259,2019-09-30 06:53:38,94.0,376.6,-47.70001,4.201,4.181,37,35,42.5,127.78,913.0
93260,2019-09-30 06:53:46,94.0,376.8,-47.70001,4.202,4.182,37,35,42.54,127.88,921.0
93261,2019-09-30 06:53:54,94.0,376.9,-47.60001,4.203,4.182,37,35,42.57,128.0,929.0
93262,2019-09-30 06:54:02,94.0,376.9,-47.70001,4.204,4.184,37,35,42.61,128.09,937.0
93263,2019-09-30 06:54:10,94.0,376.9,-47.70001,4.205,4.185,37,35,42.65,128.21,945.0
93264,2019-09-30 06:54:18,94.4,377.1,-47.70001,4.205,4.186,37,35,42.68,128.31,953.0
93265,2019-09-30 06:54:26,94.4,377.1,-47.70001,4.206,4.186,37,35,42.72,128.43,961.0
93266,2019-09-30 06:54:34,94.4,377.2,-47.70001,4.207,4.187,37,35,42.76,128.54,969.0
93267,2019-09-30 06:54:42,94.4,377.2,-47.70001,4.208,4.188,37,35,42.79,128.62,977.0
93268,2019-09-30 06:54:50,94.4,377.4,-47.70001,4.209,4.188,37,35,42.83,128.74,985.0
93269,2019-09-30 06:54:58,94.8,377.4,-47.70001,4.21,4.19,37,35,42.86,128.85,993.0
93270,2019-09-30 06:55:06,94.8,377.5,-47.70001,4.211,4.191,37,35,42.9,128.97,1001.0
93271,2019-09-30 06:55:14,94.8,377.5,-47.70001,4.212,4.191,37,35,42.93,129.08,1009.0
93272,2019-09-30 06:55:22,94.8,377.7,-47.60001,4.212,4.192,37,35,42.98,129.19,1017.0
93273,2019-09-30 06:55:30,94.8,377.7,-47.60001,4.213,4.193,37,35,43.01,129.29,1025.0
93274,2019-09-30 06:55:38,95.2,377.9,-47.60001,4.214,4.194,37,35,43.05,129.41,1033.0
93275,2019-09-30 06:55:46,95.2,378.0,-47.60001,4.215,4.195,37,35,43.08,129.51,1041.0
93276,2019-09-30 06:55:54,95.2,378.0,-47.60001,4.216,4.196,37,35,43.12,129.62,1049.0
93277,2019-09-30 06:56:02,95.2,378.0,-47.60001,4.217,4.197,37,35,43.15,129.72,1057.0
93278,2019-09-30 06:56:10,95.2,378.2,-47.60001,4.217,4.198,37,35,43.19,129.84,1065.0
93279,2019-09-30 06:56:18,95.6,378.2,-47.60001,4.219,4.199,37,35,43.22,129.94,1073.0
93280,2019-09-30 06:56:26,95.6,378.3,-47.60001,4.219,4.199,37,35,43.26,130.04,1081.0
93281,2019-09-30 06:56:34,95.6,378.5,-47.70001,4.221,4.2,37,35,43.3,130.18,1089.0
93282,2019-09-30 06:56:42,95.6,378.5,-47.60001,4.221,4.201,37,35,43.34,130.27,1097.0
93283,2019-09-30 06:56:50,95.6,378.6,-47.60001,4.222,4.202,37,35,43.37,130.39,1105.0
93284,2019-09-30 06:56:58,96.0,378.6,-47.60001,4.223,4.203,37,35,43.41,130.48,1113.0
93285,2019-09-30 06:57:06,96.0,378.6,-47.60001,4.223,4.203,37,35,43.44,130.61,1121.0
93286,2019-09-30 06:57:14,96.0,378.8,-47.60001,4.225,4.204,37,35,43.48,130.71,1129.0
93287,2019-09-30 06:57:22,96.0,378.8,-47.60001,4.226,4.206,37,35,43.52,130.82,1137.0
93288,2019-09-30 06:57:30,96.0,378.9,-47.60001,4.226,4.207,37,35,43.55,130.92,1145.0
93289,2019-09-30 06:57:38,96.4,379.1,-47.60001,4.227,4.207,37,35,43.59,131.04,1153.0
93290,2019-09-30 06:57:46,96.4,379.1,-47.60001,4.228,4.208,37,35,43.62,131.15,1161.0
93291,2019-09-30 06:57:54,96.4,379.1,-47.60001,4.228,4.209,37,35,43.65,131.24,1169.0
93292,2019-09-30 06:58:02,96.4,379.3,-47.60001,4.23,4.21,37,35,43.7,131.37,1177.0
93293,2019-09-30 06:58:10,96.4,379.3,-47.60001,4.23,4.211,37,35,43.73,131.47,1185.0
93294,2019-09-30 06:58:18,96.8,379.4,-47.70001,4.232,4.212,37,35,43.77,131.58,1193.0
93295,2019-09-30 06:58:26,96.8,379.6,-47.70001,4.233,4.212,37,35,43.8,131.68,1201.0
93296,2019-09-30 06:58:34,96.8,379.6,-47.60001,4.234,4.214,37,35,43.84,131.8,1209.0
93297,2019-09-30 06:58:42,96.8,379.6,-47.60001,4.235,4.214,37,35,43.87,131.9,1217.0
93298,2019-09-30 06:58:50,96.8,379.7,-47.60001,4.235,4.216,37,35,43.91,132.02,1225.0
93299,2019-09-30 06:58:58,97.2,379.9,-47.60001,4.236,4.216,37,35,43.95,132.13,1233.0
93300,2019-09-30 06:59:06,97.2,379.9,-47.60001,4.238,4.217,37,35,43.98,132.23,1241.0
93301,2019-09-30 06:59:14,97.2,379.9,-47.70001,4.237,4.217,37,35,44.03,132.35,1249.0
93302,2019-09-30 06:59:22,97.2,380.0,-47.70001,4.239,4.218,37,35,44.05,132.45,1257.0
93303,2019-09-30 06:59:30,97.2,380.2,-47.70001,4.239,4.22,37,35,44.1,132.57,1265.0
93304,2019-09-30 06:59:38,97.6,379.1,-14.10001,4.23,4.216,37,35,44.13,132.66,1273.0
93305,2019-09-30 06:59:46,97.6,378.9,-14.20001,4.22,4.208,37,35,44.14,132.7,1281.0
93306,2019-09-30 06:59:54,97.6,378.9,-14.20001,4.219,4.208,37,35,44.16,132.75,1289.0
93307,2019-09-30 07:00:02,97.6,378.8,-14.20001,4.218,4.207,37,35,44.17,132.78,1297.0
93308,2019-09-30 07:00:10,97.6,378.8,-14.20001,4.218,4.206,37,35,44.18,132.83,1305.0
93309,2019-09-30 07:00:18,97.6,378.8,-14.20001,4.218,4.206,37,35,44.2,132.86,1313.0
93310,2019-09-30 07:00:26,97.6,378.8,-14.20001,4.218,4.206,37,35,44.21,132.9,1321.0
93311,2019-09-30 07:00:34,97.6,378.8,-14.20001,4.219,4.206,37,35,44.23,132.95,1329.0
93312,2019-09-30 07:00:42,97.6,378.8,-14.20001,4.218,4.206,37,35,44.23,132.98,1337.0
93313,2019-09-30 07:00:50,97.6,378.8,-14.20001,4.218,4.206,37,35,44.25,133.01,1345.0
93314,2019-09-30 07:00:58,97.6,378.8,-14.20001,4.218,4.206,37,35,44.26,133.06,1353.0
93315,2019-09-30 07:01:06,97.6,378.8,-14.20001,4.218,4.207,37,35,44.27,133.1,1361.0
93316,2019-09-30 07:01:14,97.6,378.8,-14.20001,4.219,4.206,37,35,44.28,133.13,1369.0
93317,2019-09-30 07:01:22,98.0,378.8,-14.20001,4.217,4.206,37,35,44.3,133.17,1377.0
93318,2019-09-30 07:01:30,98.0,378.9,-14.20001,4.218,4.207,37,35,44.31,133.19,1385.0
93319,2019-09-30 07:01:38,98.0,378.9,-14.10001,4.219,4.206,37,35,44.32,133.23,1393.0
93320,2019-09-30 07:01:46,98.0,378.9,-14.10001,4.22,4.207,37,35,44.33,133.28,1401.0
93321,2019-09-30 07:01:54,98.0,378.9,-14.10001,4.219,4.207,37,35,44.34,133.32,1409.0
93322,2019-09-30 07:02:02,98.0,378.9,-14.10001,4.22,4.207,37,35,44.36,133.34,1417.0
93323,2019-09-30 07:02:10,98.0,378.9,-14.20001,4.219,4.207,37,35,44.37,133.38,1425.0
93324,2019-09-30 07:02:18,98.0,378.9,-14.20001,4.22,4.208,37,35,44.38,133.41,1433.0
93325,2019-09-30 07:02:26,98.0,378.9,-14.10001,4.22,4.207,37,34,44.39,133.45,1441.0
93326,2019-09-30 07:02:34,98.0,378.9,-14.10001,4.22,4.208,37,34,44.4,133.48,1449.0
93327,2019-09-30 07:02:42,98.0,378.9,-14.20001,4.22,4.208,37,35,44.41,133.51,1457.0
93328,2019-09-30 07:02:50,98.0,379.1,-14.10001,4.221,4.208,37,34,44.42,133.55,1465.0
93329,2019-09-30 07:02:58,98.0,379.1,-14.10001,4.221,4.209,37,34,44.44,133.58,1473.0
93330,2019-09-30 07:03:06,98.0,379.1,-14.10001,4.221,4.209,37,34,44.44,133.61,1481.0
93331,2019-09-30 07:03:14,98.0,379.1,-14.10001,4.221,4.209,37,34,44.46,133.65,1489.0
93332,2019-09-30 07:03:22,98.0,379.1,-14.10001,4.221,4.209,37,34,44.46,133.68,1497.0
93333,2019-09-30 07:03:30,98.4,379.1,-14.10001,4.222,4.209,37,34,44.48,133.71,1505.0
93334,2019-09-30 07:03:38,98.4,379.1,-14.10001,4.222,4.21,37,34,44.49,133.75,1513.0
93335,2019-09-30 07:03:46,98.4,379.1,-14.10001,4.222,4.209,37,34,44.5,133.78,1521.0
93336,2019-09-30 07:03:54,98.4,379.3,-14.10001,4.222,4.21,37,34,44.51,133.81,1529.0
93337,2019-09-30 07:04:02,98.4,379.1,-14.10001,4.222,4.21,37,34,44.52,133.85,1537.0
93338,2019-09-30 07:04:10,98.4,379.3,-14.10001,4.223,4.21,37,34,44.54,133.88,1545.0
93339,2019-09-30 07:04:18,98.4,379.3,-14.10001,4.223,4.211,37,34,44.54,133.91,1553.0
93340,2019-09-30 07:04:26,98.4,379.3,-14.10001,4.223,4.212,37,34,44.56,133.94,1561.0
93341,2019-09-30 07:04:34,98.4,379.3,-14.10001,4.223,4.212,37,34,44.56,133.98,1569.0
93342,2019-09-30 07:04:42,98.4,379.3,-14.10001,4.224,4.211,37,34,44.58,134.01,1577.0
93343,2019-09-30 07:04:50,98.4,379.3,-14.10001,4.225,4.212,37,34,44.59,134.04,1585.0
93344,2019-09-30 07:04:58,98.4,379.4,-14.10001,4.224,4.212,37,34,44.6,134.08,1593.0
93345,2019-09-30 07:05:06,98.4,379.3,-14.10001,4.223,4.212,37,34,44.61,134.11,1601.0
93346,2019-09-30 07:05:14,98.4,379.4,-14.10001,4.224,4.213,37,34,44.62,134.14,1609.0
93347,2019-09-30 07:05:22,98.4,379.4,-14.10001,4.224,4.213,37,34,44.63,134.16,1617.0
93348,2019-09-30 07:05:30,98.4,379.4,-14.10001,4.225,4.212,37,34,44.64,134.21,1625.0
93349,2019-09-30 07:05:38,98.4,379.6,-14.10001,4.225,4.213,37,34,44.65,134.23,1633.0
93350,2019-09-30 07:05:46,98.8,379.4,-14.10001,4.226,4.213,37,34,44.66,134.26,1641.0
93351,2019-09-30 07:05:54,98.8,379.6,-14.10001,4.226,4.213,37,34,44.67,134.29,1649.0
93352,2019-09-30 07:06:02,98.8,379.6,-14.10001,4.226,4.213,37,34,44.69,134.34,1657.0
93353,2019-09-30 07:06:10,98.8,379.6,-14.10001,4.226,4.214,37,34,44.72,134.43,1665.0
93354,2019-09-30 07:06:18,98.8,379.6,-14.10001,4.226,4.215,37,34,44.72,134.44,1673.0
93355,2019-09-30 07:06:26,98.8,379.6,-14.10001,4.227,4.215,37,34,44.73,134.47,1681.0
93356,2019-09-30 07:06:34,98.8,379.6,-14.10001,4.226,4.215,37,34,44.75,134.52,1689.0
93357,2019-09-30 07:06:42,98.8,379.7,-14.10001,4.227,4.215,37,34,44.75,134.52,1697.0
93358,2019-09-30 07:06:50,98.8,379.6,-14.10001,4.227,4.215,37,34,44.75,134.52,1705.0
93359,2019-09-30 07:06:58,98.8,379.7,-14.10001,4.228,4.216,37,34,44.75,134.52,1713.0
93360,2019-09-30 07:07:06,98.8,379.6,-14.10001,4.228,4.215,37,34,44.75,134.52,1721.0
93361,2019-09-30 07:07:14,98.8,379.7,-14.0,4.228,4.216,37,34,44.77,134.6,1729.0
93362,2019-09-30 07:07:22,98.8,379.7,-14.10001,4.228,4.216,37,34,44.77,134.6,1737.0
93363,2019-09-30 07:07:30,98.8,379.7,-14.10001,4.229,4.217,37,34,44.77,134.6,1745.0
93364,2019-09-30 07:07:38,98.8,379.7,-14.0,4.229,4.217,37,34,44.8,134.67,1753.0
93365,2019-09-30 07:07:46,98.8,379.9,-14.0,4.228,4.217,37,34,44.8,134.67,1761.0
93366,2019-09-30 07:07:54,98.8,379.9,-14.0,4.229,4.218,37,34,44.8,134.67,1769.0
93367,2019-09-30 07:08:02,98.8,379.9,-14.10001,4.229,4.218,37,34,44.8,134.67,1777.0
93368,2019-09-30 07:08:10,98.8,379.9,-14.0,4.23,4.217,37,34,44.82,134.76,1785.0
93369,2019-09-30 07:08:18,98.8,379.9,-14.10001,4.23,4.218,37,34,44.82,134.76,1793.0
93370,2019-09-30 07:08:26,99.2,379.9,-14.0,4.231,4.219,37,34,44.85,134.83,1801.0
93371,2019-09-30 07:08:34,99.2,380.0,-14.0,4.231,4.218,37,34,44.85,134.83,1809.0
93372,2019-09-30 07:08:42,99.2,379.9,-14.0,4.231,4.219,37,34,44.85,134.83,1817.0
93373,2019-09-30 07:08:50,99.2,379.9,-14.10001,4.231,4.219,37,34,44.85,134.83,1825.0
93374,2019-09-30 07:08:58,99.2,380.0,-14.10001,4.232,4.219,37,34,44.87,134.89,1833.0
93375,2019-09-30 07:09:06,99.2,380.0,-14.10001,4.232,4.22,37,34,44.87,134.91,1841.0
93376,2019-09-30 07:09:14,99.2,380.0,-14.10001,4.232,4.22,37,34,44.87,134.91,1849.0
93377,2019-09-30 07:09:22,99.2,380.0,-14.0,4.232,4.22,37,34,44.87,134.91,1857.0
93378,2019-09-30 07:09:30,99.2,380.2,-14.10001,4.233,4.22,37,34,44.88,134.93,1865.0
93379,2019-09-30 07:09:38,99.2,380.0,-14.0,4.233,4.22,37,34,44.9,134.98,1873.0
93380,2019-09-30 07:09:46,99.2,380.2,-14.10001,4.233,4.221,37,34,44.9,134.98,1881.0
93381,2019-09-30 07:09:54,99.2,380.2,-14.10001,4.233,4.221,37,34,44.92,135.06,1889.0
93382,2019-09-30 07:10:02,99.2,380.2,-14.10001,4.233,4.221,37,34,44.92,135.06,1897.0
93383,2019-09-30 07:10:10,99.2,380.2,-14.0,4.234,4.221,37,34,44.92,135.06,1905.0
93384,2019-09-30 07:10:18,99.2,380.2,-14.10001,4.234,4.221,37,34,44.92,135.06,1913.0
93385,2019-09-30 07:10:26,99.2,380.4,-14.10001,4.235,4.222,37,34,44.92,135.06,1921.0
93386,2019-09-30 07:10:34,99.2,380.4,-14.0,4.234,4.223,37,34,44.92,135.06,1929.0
93387,2019-09-30 07:10:42,99.2,380.2,-14.10001,4.234,4.223,37,34,44.95,135.13,1937.0
93388,2019-09-30 07:10:50,99.2,380.4,-14.10001,4.235,4.223,37,34,44.95,135.13,1945.0
93389,2019-09-30 07:10:58,99.2,380.4,-14.0,4.236,4.223,37,34,44.95,135.13,1953.0
93390,2019-09-30 07:11:06,99.2,380.4,-14.0,4.236,4.224,37,34,44.95,135.13,1961.0
93391,2019-09-30 07:11:14,99.2,380.4,-14.0,4.237,4.224,37,34,44.97,135.18,1969.0
93392,2019-09-30 07:11:22,99.2,380.4,-14.0,4.236,4.224,37,34,44.97,135.21,1977.0
93393,2019-09-30 07:11:30,99.2,380.5,-14.10001,4.237,4.224,37,34,44.97,135.21,1985.0
93394,2019-09-30 07:11:38,99.2,380.5,-14.10001,4.237,4.224,37,34,45.0,135.29,1993.0
93395,2019-09-30 07:11:46,99.2,380.5,-14.0,4.238,4.224,37,34,45.0,135.29,2001.0
93396,2019-09-30 07:11:54,99.2,380.5,-14.0,4.237,4.225,37,34,45.0,135.29,2009.0
93397,2019-09-30 07:12:02,99.2,380.5,-14.0,4.237,4.225,37,34,45.0,135.29,2017.0
93398,2019-09-30 07:12:10,99.6,380.5,-14.0,4.237,4.226,37,34,45.02,135.34,2025.0
93399,2019-09-30 07:12:18,99.6,380.7,-14.10001,4.239,4.226,37,34,45.02,135.34,2033.0
93400,2019-09-30 07:12:26,99.6,380.7,-14.0,4.238,4.226,37,34,45.02,135.34,2041.0
93401,2019-09-30 07:12:34,99.6,380.7,-14.0,4.238,4.226,37,34,45.02,135.34,2049.0
93402,2019-09-30 07:12:42,99.6,380.5,-14.0,4.238,4.227,37,34,45.02,135.34,2057.0
93403,2019-09-30 07:12:50,99.6,380.7,-14.0,4.239,4.227,37,34,45.02,135.34,2065.0
93404,2019-09-30 07:12:58,99.6,380.7,-14.10001,4.239,4.227,37,34,45.02,135.34,2073.0
93405,2019-09-30 07:13:06,99.6,380.8,-14.0,4.239,4.227,37,34,45.02,135.34,2081.0
93406,2019-09-30 07:13:14,99.6,380.8,-14.0,4.24,4.228,37,34,45.02,135.34,2089.0
93407,2019-09-30 07:13:22,99.6,380.8,-14.0,4.24,4.228,37,34,45.02,135.34,2097.0
93408,2019-09-30 07:13:30,99.6,380.8,-14.0,4.241,4.228,37,34,45.02,135.34,2105.0
93409,2019-09-30 07:13:38,99.6,380.8,-14.10001,4.24,4.228,37,34,45.02,135.34,2113.0
93410,2019-09-30 07:13:46,99.6,380.8,-14.0,4.242,4.228,37,34,45.02,135.34,2121.0
93411,2019-09-30 07:13:54,99.6,381.0,-14.10001,4.241,4.229,37,34,45.02,135.34,2129.0
93412,2019-09-30 07:14:02,99.6,381.0,-14.0,4.241,4.229,37,34,45.02,135.34,2137.0
93413,2019-09-30 07:14:10,99.6,381.0,-14.0,4.242,4.23,37,34,45.02,135.34,2145.0
93414,2019-09-30 07:14:18,99.6,381.0,-14.0,4.242,4.229,37,34,45.02,135.34,2153.0
93415,2019-09-30 07:14:26,99.6,381.0,-14.0,4.242,4.23,37,34,45.02,135.34,2161.0
93416,2019-09-30 07:14:34,99.6,381.0,-14.0,4.242,4.23,37,34,45.02,135.34,2169.0
93417,2019-09-30 07:14:42,99.6,381.0,-14.10001,4.243,4.23,37,34,45.02,135.34,2177.0
93418,2019-09-30 07:14:50,99.6,381.1,-14.10001,4.243,4.231,37,34,45.02,135.34,2185.0
93419,2019-09-30 07:14:58,99.6,381.1,-14.0,4.244,4.231,37,34,45.02,135.34,2193.0
93420,2019-09-30 07:15:06,99.6,381.1,-14.0,4.243,4.231,37,34,45.02,135.34,2201.0
93421,2019-09-30 07:15:14,99.6,381.1,-14.10001,4.245,4.231,37,34,45.02,135.34,2209.0
93422,2019-09-30 07:15:23,99.6,381.1,-14.0,4.244,4.231,37,34,45.02,135.34,2218.0
93423,2019-09-30 07:15:31,99.6,381.1,-14.0,4.245,4.232,37,34,45.02,135.34,2226.0
93424,2019-09-30 07:15:39,99.6,381.1,-14.0,4.245,4.232,37,34,45.02,135.34,2234.0
93425,2019-09-30 07:15:47,99.6,381.1,-14.10001,4.246,4.232,37,34,45.02,135.34,2242.0
93426,2019-09-30 07:15:55,99.6,381.3,-14.0,4.246,4.233,37,34,45.02,135.34,2250.0
93427,2019-09-30 07:16:03,99.6,381.3,-14.0,4.246,4.233,37,34,45.02,135.34,2258.0
93428,2019-09-30 07:16:11,99.6,381.3,-14.0,4.245,4.234,37,34,45.02,135.34,2266.0
93429,2019-09-30 07:16:19,99.6,381.3,-14.10001,4.247,4.233,37,34,45.02,135.34,2274.0
93430,2019-09-30 07:16:27,99.6,381.3,-14.0,4.246,4.234,37,34,45.02,135.34,2282.0
93431,2019-09-30 07:16:35,99.6,381.3,-14.0,4.247,4.234,37,34,45.02,135.34,2290.0
93432,2019-09-30 07:16:43,99.6,381.4,-14.10001,4.247,4.235,37,34,45.02,135.34,2298.0
93433,2019-09-30 07:16:51,99.6,381.4,-14.0,4.248,4.235,37,34,45.02,135.34,2306.0
93434,2019-09-30 07:16:59,99.6,381.4,-14.0,4.248,4.235,37,34,45.02,135.34,2314.0
93435,2019-09-30 07:17:07,99.6,381.4,-14.0,4.248,4.235,37,34,45.02,135.34,2322.0
93436,2019-09-30 07:17:15,99.6,381.4,-14.0,4.25,4.235,37,34,45.02,135.34,2330.0
93437,2019-09-30 07:17:23,99.6,381.4,-14.0,4.248,4.236,37,34,45.02,135.34,2338.0
93438,2019-09-30 07:17:31,99.6,381.6,-14.0,4.249,4.236,37,34,45.02,135.34,2346.0
93439,2019-09-30 07:17:39,99.6,381.6,-14.0,4.249,4.236,37,34,45.02,135.34,2354.0
93440,2019-09-30 07:17:47,99.6,381.6,-14.0,4.25,4.237,37,34,45.02,135.34,2362.0
93441,2019-09-30 07:17:55,100.0,381.6,-14.0,4.25,4.237,37,34,45.29,136.16,2370.0
